0 0.112109 0.620671 0.028906 0.098485
5 0.091016 0.175866 0.066406 0.126623
5 0.265625 0.124459 0.140625 0.160173
5 0.440625 0.079545 0.078125 0.159091
5 0.336719 0.168831 0.120313 0.248918
5 0.269922 0.442641 0.141406 0.294372
5 0.017188 0.327381 0.034375 0.126623
5 0.083203 0.510823 0.082031 0.136364
0 0.073828 0.619589 0.067969 0.079004
0 0.055859 0.636905 0.041406 0.081169
0 0.031250 0.672078 0.025000 0.140693
26 0.417969 0.509740 0.129688 0.116883
5 0.392188 0.620671 0.246875 0.221861
5 0.026562 0.469697 0.053125 0.151515
