17 0.387500 0.544372 0.068750 0.060606
17 0.433594 0.487554 0.135937 0.083333
5 0.062500 0.575758 0.085938 0.134199
5 0.092188 0.156385 0.051562 0.079004
5 0.436719 0.241342 0.120313 0.253247
5 0.492969 0.535173 0.167187 0.139610
5 0.341797 0.157468 0.086719 0.239177
0 0.114062 0.591450 0.046875 0.139610
5 0.304688 0.702922 0.178125 0.150433
5 0.184375 0.471861 0.109375 0.142857
5 0.258984 0.132035 0.064844 0.166667
5 0.439844 0.044913 0.056250 0.089827
5 0.242578 0.359307 0.132031 0.207792
0 0.030078 0.678571 0.024219 0.095238
5 0.109766 0.307359 0.080469 0.246753
