5 0.345313 0.162879 0.098437 0.241342
5 0.091797 0.158550 0.058594 0.079004
5 0.123438 0.318182 0.114062 0.264069
17 0.432422 0.487013 0.135156 0.082251
0 0.112891 0.582792 0.049219 0.130952
5 0.474219 0.541126 0.139063 0.164502
5 0.425000 0.229978 0.171875 0.267316
5 0.305078 0.701840 0.180469 0.152597
5 0.064844 0.581169 0.082812 0.155844
5 0.263672 0.131494 0.075781 0.167749
0 0.031250 0.670455 0.025000 0.083333
5 0.242578 0.352273 0.136719 0.215368
5 0.441406 0.056818 0.056250 0.113636
5 0.194922 0.484848 0.141406 0.149351
