27 0.374609 0.488095 0.142969 0.099567
5 0.360156 0.538961 0.148438 0.179654
0 0.142187 0.495130 0.062500 0.035714
0 0.056641 0.699675 0.033594 0.091991
5 0.065234 0.530303 0.096094 0.129870
27 0.112891 0.623918 0.061719 0.200216
5 0.376172 0.114177 0.086719 0.156926
5 0.439063 0.040043 0.057813 0.077922
5 0.245312 0.331169 0.107813 0.214286
5 0.060937 0.431818 0.068750 0.103896
5 0.019141 0.333333 0.038281 0.086580
5 0.402734 0.263528 0.188281 0.187229
5 0.131250 0.342532 0.115625 0.182900
5 0.264062 0.122294 0.089063 0.162338
