0 0.115625 0.590368 0.046875 0.139610
5 0.486328 0.551948 0.153906 0.160173
17 0.421875 0.498918 0.115625 0.054113
17 0.368359 0.549784 0.091406 0.058442
5 0.089844 0.154762 0.046875 0.071429
5 0.431250 0.234307 0.151562 0.254329
5 0.108203 0.298160 0.080469 0.228355
5 0.241797 0.353355 0.135156 0.213203
5 0.205078 0.482143 0.161719 0.156926
0 0.030078 0.679113 0.024219 0.100649
5 0.061328 0.575758 0.088281 0.136364
5 0.344531 0.157468 0.095312 0.232684
5 0.304297 0.697511 0.177344 0.161255
5 0.440234 0.036797 0.057031 0.073593
5 0.258203 0.132576 0.069531 0.165584
