5 0.103906 0.718074 0.126562 0.120130
0 0.379688 0.454004 0.126562 0.098485
0 0.168359 0.483225 0.069531 0.048701
0 0.140234 0.494048 0.042969 0.040043
0 0.183203 0.676407 0.124219 0.054113
5 0.354687 0.152056 0.079687 0.237013
5 0.064453 0.550325 0.096094 0.115801
0 0.126953 0.609307 0.069531 0.136364
5 0.482812 0.508117 0.114062 0.280303
0 0.076953 0.636905 0.044531 0.076840
5 0.325781 0.301948 0.117188 0.201299
5 0.191797 0.418290 0.116406 0.143939
5 0.079297 0.165584 0.085156 0.145022
5 0.239844 0.121212 0.082812 0.147186
0 0.050000 0.687771 0.039062 0.117965
5 0.031641 0.271645 0.063281 0.121212
