5 0.100781 0.713745 0.123438 0.128788
0 0.049609 0.689394 0.033594 0.123377
5 0.063281 0.550866 0.096875 0.116883
0 0.185547 0.676407 0.119531 0.056277
5 0.238672 0.122294 0.080469 0.147186
5 0.315625 0.316017 0.106250 0.214286
5 0.079297 0.139069 0.085156 0.091991
5 0.478906 0.506494 0.114062 0.279221
5 0.197656 0.418290 0.128125 0.146104
0 0.381250 0.454004 0.129688 0.098485
0 0.177344 0.490260 0.050000 0.028139
5 0.354297 0.150974 0.082031 0.234848
0 0.127344 0.610390 0.068750 0.136364
0 0.138281 0.494048 0.040625 0.042208
