5 0.346094 0.539502 0.118750 0.178571
5 0.017969 0.336580 0.035937 0.090909
0 0.142578 0.494048 0.063281 0.035714
5 0.261328 0.116883 0.083594 0.155844
5 0.246875 0.329004 0.109375 0.212121
27 0.373828 0.485390 0.146094 0.107143
27 0.113281 0.617965 0.060937 0.216450
5 0.063672 0.528139 0.102344 0.136364
5 0.051172 0.431818 0.071094 0.106061
27 0.379688 0.487554 0.162500 0.113636
5 0.375781 0.114177 0.084375 0.159091
5 0.403906 0.260823 0.184375 0.194805
0 0.056641 0.697511 0.035156 0.091991
5 0.141016 0.342532 0.124219 0.206710
