5 0.094922 0.165043 0.058594 0.098485
5 0.489063 0.549784 0.175000 0.162338
5 0.426172 0.248377 0.127344 0.250000
5 0.435937 0.068723 0.064062 0.137446
5 0.305078 0.697511 0.182031 0.161255
5 0.337500 0.155303 0.076563 0.241342
5 0.208203 0.463203 0.172656 0.138528
5 0.057031 0.575758 0.092188 0.134199
5 0.109766 0.307900 0.086719 0.252165
17 0.434375 0.478355 0.137500 0.097403
5 0.242578 0.354978 0.135156 0.196970
0 0.032813 0.670996 0.021875 0.086580
5 0.258203 0.130952 0.067969 0.168831
17 0.366797 0.545996 0.116406 0.059524
0 0.115625 0.586039 0.043750 0.146104
