5 0.440625 0.069805 0.051562 0.139610
5 0.094141 0.168290 0.057031 0.107143
5 0.260547 0.130952 0.066406 0.166667
5 0.111719 0.308983 0.087500 0.247835
5 0.489063 0.552489 0.176563 0.161255
5 0.058984 0.574134 0.088281 0.137446
5 0.303516 0.696429 0.182031 0.163420
5 0.242578 0.354978 0.133594 0.201299
5 0.428906 0.246212 0.137500 0.254329
5 0.183203 0.460498 0.124219 0.135281
5 0.337109 0.154762 0.074219 0.235931
0 0.120703 0.583333 0.035156 0.125541
17 0.433984 0.485931 0.139844 0.082251
0 0.031250 0.670996 0.021875 0.086580
