5 0.096484 0.411797 0.108594 0.137446
5 0.060937 0.357684 0.098437 0.182900
0 0.126953 0.584957 0.057031 0.152597
26 0.325781 0.508658 0.125000 0.069264
5 0.041016 0.274892 0.082031 0.140693
5 0.363672 0.080628 0.083594 0.137446
5 0.438672 0.524351 0.122656 0.193723
5 0.105859 0.722944 0.119531 0.110390
5 0.345703 0.315476 0.110156 0.343074
5 0.425000 0.039502 0.098437 0.079004
5 0.260547 0.118506 0.088281 0.165584
5 0.050781 0.577922 0.101562 0.142857
0 0.175391 0.705628 0.097656 0.082251
5 0.228906 0.326840 0.143750 0.227273
