25 0.119922 0.463203 0.024219 0.041126
25 0.168750 0.469697 0.015625 0.060606
25 0.187500 0.449675 0.018750 0.072511
25 0.607031 0.138528 0.084375 0.155844
25 0.042969 0.346861 0.082812 0.198052
25 0.425781 0.122835 0.089063 0.152597
25 0.132422 0.451299 0.027344 0.036797
25 0.154297 0.442641 0.027344 0.038961
25 0.162500 0.409632 0.028125 0.048701
25 0.198437 0.481602 0.010937 0.025974
5 0.407422 0.636364 0.447656 0.283550
5 0.131250 0.629870 0.262500 0.296537
5 0.099609 0.235390 0.199219 0.297619
25 0.355859 0.141234 0.047656 0.146104
