25 0.828516 0.218615 0.078906 0.127706
5 0.362891 0.589286 0.402344 0.377706
5 0.106250 0.591450 0.212500 0.221861
25 0.358203 0.140152 0.049219 0.141775
25 0.427734 0.117965 0.082031 0.142857
25 0.612109 0.141234 0.083594 0.146104
5 0.933594 0.667208 0.131250 0.221861
25 0.018359 0.413420 0.027344 0.069264
25 0.075391 0.176948 0.061719 0.117965
25 0.054688 0.339286 0.037500 0.066017
25 0.017969 0.344156 0.028125 0.067100
25 0.027734 0.228355 0.036719 0.134199
25 0.062891 0.272727 0.055469 0.062771
