25 0.055469 0.413961 0.037500 0.066017
5 0.133203 0.608225 0.266406 0.253247
25 0.017578 0.406385 0.027344 0.076840
25 0.053516 0.339286 0.035156 0.072511
25 0.426563 0.122835 0.081250 0.141775
25 0.054297 0.252165 0.027344 0.080087
25 0.607031 0.138528 0.078125 0.147186
25 0.071484 0.167208 0.013281 0.066017
25 0.024219 0.255411 0.031250 0.101732
25 0.358594 0.140693 0.046875 0.138528
5 0.408984 0.629870 0.441406 0.296537
25 0.017578 0.347403 0.027344 0.060606
25 0.058203 0.178571 0.011719 0.045455
