25 0.036719 0.233766 0.073438 0.166667
25 0.010937 0.415584 0.017188 0.032468
25 0.008594 0.459416 0.015625 0.022727
25 0.053906 0.364177 0.026562 0.022727
25 0.051562 0.321429 0.021875 0.015152
25 0.026562 0.337121 0.010937 0.011905
25 0.016406 0.432900 0.009375 0.028139
25 0.014453 0.331169 0.013281 0.021645
5 0.094531 0.638528 0.189062 0.279221
25 0.048828 0.355519 0.021094 0.018398
25 0.019141 0.385823 0.017969 0.016234
25 0.016797 0.353355 0.022656 0.022727
5 0.294141 0.613095 0.555469 0.330087
25 0.053906 0.313312 0.020313 0.014069
25 0.050781 0.331169 0.023438 0.019481
25 0.051172 0.343074 0.022656 0.015152
5 0.958984 0.579004 0.080469 0.134199
