5 0.037500 0.618506 0.075000 0.163420
25 0.018359 0.408550 0.030469 0.070346
25 0.016406 0.337121 0.029687 0.068182
5 0.162109 0.188853 0.324219 0.345238
25 0.055078 0.337121 0.035156 0.074675
25 0.020703 0.274892 0.022656 0.049784
25 0.037500 0.570887 0.020313 0.042208
25 0.721875 0.156385 0.062500 0.146104
25 0.427734 0.122294 0.083594 0.132035
25 0.607031 0.143398 0.084375 0.146104
25 0.358203 0.138528 0.052344 0.127706
5 0.948828 0.517316 0.100781 0.110390
5 0.289453 0.605519 0.578906 0.345238
25 0.203516 0.312771 0.016406 0.038961
