25 0.942578 0.659632 0.014844 0.035714
5 0.445312 0.146645 0.081250 0.172078
25 0.941797 0.681818 0.028906 0.073593
25 0.896484 0.680195 0.032031 0.055195
5 0.444531 0.525433 0.220312 0.505411
25 0.927344 0.662879 0.048438 0.066017
25 0.952344 0.768398 0.026562 0.017316
25 0.897266 0.622835 0.025781 0.053030
25 0.916797 0.754329 0.030469 0.015152
25 0.865234 0.716991 0.028906 0.079004
25 0.854297 0.662338 0.013281 0.056277
25 0.897266 0.694264 0.013281 0.033550
25 0.858594 0.691017 0.010937 0.048701
25 0.903125 0.735390 0.039062 0.027056
25 0.948047 0.711039 0.036719 0.071429
25 0.870703 0.768939 0.019531 0.018398
25 0.842969 0.713745 0.012500 0.085498
25 0.969922 0.719697 0.017969 0.082251
5 0.744922 0.273268 0.157031 0.446970
5 0.653516 0.420455 0.261719 0.715368
25 0.891797 0.768939 0.028906 0.018398
25 0.892969 0.729437 0.042188 0.054113
25 0.861328 0.750000 0.035156 0.049784
5 0.851562 0.146645 0.128125 0.200216
5 0.320703 0.206169 0.069531 0.072511
