5 0.436719 0.599567 0.625000 0.357143
25 0.426172 0.174242 0.032031 0.119048
25 0.038672 0.712121 0.016406 0.012987
25 0.336328 0.124459 0.078906 0.158009
25 0.187891 0.141775 0.049219 0.075758
25 0.261719 0.117965 0.076563 0.153680
25 0.023047 0.727273 0.016406 0.030303
5 0.930469 0.633658 0.137500 0.135281
25 0.022656 0.693182 0.017188 0.024892
25 0.029297 0.744048 0.021094 0.009740
5 0.129688 0.615260 0.259375 0.304113
25 0.020703 0.702922 0.019531 0.024892
25 0.030469 0.755952 0.025000 0.014069
