25 0.225391 0.149892 0.050781 0.148268
25 0.264453 0.136905 0.046094 0.163420
5 0.070312 0.114177 0.140625 0.193723
5 0.376172 0.637446 0.421094 0.281385
25 0.326953 0.102273 0.075781 0.167749
25 0.672656 0.164502 0.020313 0.062771
25 0.171484 0.128247 0.055469 0.115801
25 0.413281 0.102814 0.100000 0.155844
25 0.658984 0.115260 0.016406 0.076840
5 0.120313 0.630952 0.240625 0.257576
5 0.942969 0.639069 0.112500 0.096320
25 0.238281 0.207792 0.010937 0.058442
25 0.509766 0.111472 0.082031 0.155844
25 0.590234 0.124459 0.094531 0.151515
25 0.647266 0.075216 0.014844 0.059524
