25 0.478906 0.538420 0.179688 0.265152
5 0.582422 0.146104 0.086719 0.248918
25 0.543359 0.383658 0.085156 0.053030
5 0.214844 0.568723 0.357812 0.418831
5 0.900000 0.145022 0.104688 0.214286
25 0.458203 0.761905 0.028906 0.032468
5 0.723828 0.304113 0.169531 0.411255
25 0.484766 0.745671 0.021094 0.062771
5 0.786328 0.469156 0.275781 0.617965
25 0.914453 0.657468 0.058594 0.022727
25 0.466406 0.694264 0.082812 0.079004
5 0.659375 0.167208 0.084375 0.258658
25 0.924609 0.663420 0.052344 0.030303
25 0.862500 0.712121 0.059375 0.125541
