0 0.146484 0.254329 0.130469 0.147186
0 0.027344 0.412338 0.054688 0.188312
5 0.842187 0.294372 0.314063 0.430736
0 0.308984 0.543831 0.236719 0.128788
5 0.082812 0.212121 0.165625 0.298701
5 0.577734 0.735931 0.161719 0.084416
0 0.281250 0.415043 0.235937 0.124459
0 0.036719 0.395563 0.034375 0.156926
0 0.379297 0.261905 0.267969 0.194805
0 0.540234 0.317641 0.305469 0.115801
0 0.344531 0.148268 0.234375 0.162338
0 0.602734 0.533550 0.335156 0.168831
0 0.781641 0.216450 0.178906 0.082251
0 0.589453 0.631494 0.314844 0.143939
5 0.639844 0.140693 0.417187 0.281385
