0 0.351953 0.274892 0.208594 0.155844
0 0.315625 0.144481 0.210938 0.141775
0 0.280078 0.407468 0.232031 0.120130
0 0.148828 0.254870 0.136719 0.152597
0 0.605078 0.528139 0.332031 0.170996
0 0.586719 0.627706 0.300000 0.134199
0 0.539062 0.310606 0.314063 0.142857
0 0.035547 0.401515 0.036719 0.138528
0 0.551953 0.187229 0.280469 0.093074
5 0.586719 0.153139 0.320312 0.306277
5 0.081250 0.212662 0.162500 0.293290
0 0.309766 0.543831 0.238281 0.111472
5 0.937109 0.389069 0.124219 0.189394
5 0.576953 0.737554 0.161719 0.081169
