0 0.036328 0.382035 0.028906 0.136364
0 0.012500 0.373918 0.025000 0.133117
0 0.146875 0.257576 0.143750 0.145022
5 0.080078 0.206169 0.160156 0.286797
0 0.372266 0.280844 0.247656 0.167749
0 0.336719 0.139069 0.212500 0.146104
0 0.778906 0.218074 0.178125 0.089827
0 0.586719 0.636905 0.293750 0.135281
0 0.305078 0.544372 0.235156 0.108225
0 0.603906 0.535173 0.331250 0.163420
0 0.282422 0.413961 0.233594 0.117965
5 0.576953 0.738636 0.160156 0.079004
5 0.846094 0.320887 0.306250 0.379870
5 0.644141 0.137446 0.399219 0.274892
0 0.546484 0.307900 0.291406 0.124459
