0 0.307031 0.541667 0.237500 0.113636
5 0.924609 0.345779 0.149219 0.156926
0 0.579297 0.168290 0.299219 0.113636
0 0.334766 0.135281 0.205469 0.153680
5 0.577344 0.735931 0.160938 0.084416
0 0.357812 0.278139 0.229687 0.153680
0 0.278516 0.403139 0.228906 0.126623
0 0.583594 0.628788 0.298438 0.142857
0 0.149219 0.244589 0.142187 0.136364
0 0.603516 0.517316 0.328906 0.181818
0 0.053516 0.413420 0.050781 0.153680
0 0.019141 0.409632 0.038281 0.143939
0 0.541797 0.328463 0.310156 0.115801
5 0.611719 0.139069 0.367188 0.278139
5 0.085547 0.211039 0.171094 0.303030
