27 0.641016 0.707792 0.325781 0.140693
5 0.449609 0.272727 0.353906 0.545455
0 0.624219 0.453463 0.167187 0.151515
0 0.026172 0.375000 0.046094 0.239177
0 0.296484 0.183442 0.097656 0.066017
5 0.857031 0.578463 0.284375 0.399351
0 0.321484 0.107143 0.067969 0.062771
5 0.868359 0.112554 0.261719 0.225108
5 0.074609 0.575758 0.149219 0.173160
27 0.403516 0.753788 0.082031 0.048701
0 0.219531 0.220238 0.112500 0.107143
0 0.085547 0.426948 0.108594 0.089827
0 0.656250 0.248377 0.175000 0.154762
0 0.669531 0.169913 0.170313 0.099567
5 0.553516 0.702381 0.219531 0.151515
