5 0.863672 0.111472 0.271094 0.222944
0 0.030469 0.376082 0.054688 0.258658
27 0.643750 0.703463 0.334375 0.136364
0 0.635938 0.233766 0.218750 0.212121
0 0.293750 0.179113 0.100000 0.063853
0 0.656641 0.170455 0.199219 0.102814
5 0.823438 0.556818 0.351562 0.440476
0 0.322656 0.104978 0.065625 0.064935
5 0.410156 0.277597 0.353125 0.555195
5 0.551953 0.701299 0.216406 0.153680
5 0.072656 0.568723 0.145313 0.211039
27 0.407422 0.742965 0.105469 0.070346
0 0.217578 0.222403 0.114844 0.113636
0 0.103906 0.438853 0.131250 0.102814
0 0.612891 0.461580 0.216406 0.141775
