0 0.551562 0.300325 0.300000 0.133117
5 0.576172 0.736472 0.161719 0.081169
5 0.081641 0.205087 0.163281 0.308442
0 0.585938 0.629870 0.298438 0.142857
0 0.600000 0.530303 0.326562 0.168831
5 0.892188 0.265693 0.214062 0.330087
0 0.039453 0.387987 0.032031 0.126623
0 0.762109 0.212121 0.216406 0.186147
0 0.011719 0.372835 0.023438 0.091991
5 0.626953 0.137446 0.392969 0.274892
0 0.147656 0.232684 0.129688 0.132035
0 0.338281 0.136905 0.214062 0.159091
0 0.303125 0.544372 0.264062 0.116883
0 0.371875 0.276515 0.250000 0.167749
0 0.282813 0.417208 0.235937 0.139610
