0 0.662500 0.238095 0.139063 0.069264
5 0.466016 0.329545 0.350781 0.587662
0 0.656250 0.159632 0.207813 0.076840
0 0.017578 0.369589 0.035156 0.241342
0 0.222266 0.216991 0.132031 0.111472
5 0.054688 0.132035 0.109375 0.116883
0 0.171875 0.422078 0.167187 0.101732
5 0.905469 0.579004 0.187500 0.300866
5 0.447266 0.705628 0.147656 0.145022
0 0.780469 0.554113 0.239063 0.132035
27 0.649609 0.706169 0.339844 0.143939
0 0.379688 0.109307 0.189062 0.093074
0 0.326562 0.195887 0.150000 0.077922
0 0.281250 0.301407 0.171875 0.146104
