0 0.359375 0.278139 0.228125 0.158009
0 0.762891 0.221320 0.138281 0.107143
0 0.333203 0.134199 0.199219 0.155844
0 0.036328 0.385281 0.032031 0.121212
0 0.586328 0.629329 0.297656 0.141775
0 0.305859 0.540043 0.232031 0.103896
0 0.283984 0.408009 0.230469 0.121212
0 0.549219 0.307900 0.296875 0.120130
0 0.605078 0.530844 0.325781 0.165584
0 0.146094 0.221320 0.106250 0.120130
5 0.630469 0.138528 0.392188 0.277056
5 0.082031 0.199134 0.164062 0.313853
5 0.576953 0.737554 0.160156 0.081169
5 0.904687 0.327922 0.189062 0.127706
