0 0.419531 0.126623 0.267188 0.123377
0 0.336719 0.271104 0.276562 0.234848
0 0.371484 0.188312 0.246094 0.095238
0 0.645703 0.206169 0.317969 0.130952
27 0.460156 0.740260 0.207813 0.075758
5 0.781641 0.495130 0.289844 0.531385
5 0.046094 0.415043 0.092188 0.165584
5 0.507812 0.701840 0.250000 0.150433
5 0.929297 0.158550 0.139844 0.317100
0 0.037109 0.398268 0.049219 0.259740
27 0.625781 0.706169 0.298438 0.143939
0 0.655859 0.376623 0.292969 0.218615
0 0.220312 0.216991 0.125000 0.113636
0 0.907813 0.242965 0.053125 0.141775
