27 0.626563 0.701840 0.295312 0.133117
0 0.030078 0.377165 0.052344 0.252165
0 0.225391 0.216991 0.128906 0.111472
0 0.254688 0.328463 0.090625 0.109307
5 0.812109 0.534091 0.325781 0.481602
0 0.290234 0.202381 0.083594 0.069264
5 0.557813 0.704004 0.217188 0.148268
0 0.319141 0.104437 0.057031 0.057359
5 0.067187 0.648810 0.134375 0.146104
0 0.679297 0.233225 0.128906 0.143939
5 0.858594 0.113095 0.192188 0.226190
0 0.753125 0.607143 0.106250 0.073593
27 0.398828 0.755411 0.078906 0.045455
5 0.457813 0.264610 0.332813 0.529221
