5 0.069531 0.635823 0.139063 0.150433
0 0.315234 0.108225 0.050781 0.058442
27 0.459375 0.742965 0.210938 0.070346
5 0.449219 0.255411 0.325000 0.510823
5 0.834766 0.120671 0.242969 0.241342
0 0.287500 0.195346 0.078125 0.091991
0 0.812109 0.550325 0.274219 0.161255
5 0.853125 0.484307 0.292187 0.369048
0 0.236328 0.224026 0.128906 0.123377
0 0.029297 0.375000 0.052344 0.265152
0 0.673438 0.229978 0.139063 0.128788
0 0.250391 0.322511 0.088281 0.125541
5 0.561719 0.702922 0.223438 0.150433
27 0.643750 0.705628 0.334375 0.145022
