5 0.778516 0.504329 0.286719 0.504329
5 0.951172 0.143398 0.096094 0.286797
0 0.055078 0.378247 0.066406 0.295455
0 0.346484 0.188853 0.191406 0.081169
5 0.038672 0.420996 0.077344 0.149351
0 0.921484 0.267316 0.064844 0.164502
27 0.463281 0.753788 0.200000 0.048701
0 0.349219 0.284091 0.296875 0.204545
27 0.628125 0.706169 0.300000 0.143939
0 0.419141 0.118506 0.267969 0.098485
0 0.643750 0.198593 0.306250 0.113636
5 0.508984 0.701840 0.252344 0.152597
0 0.221875 0.231602 0.120313 0.142857
0 0.655859 0.373918 0.280469 0.232684
