0 0.307031 0.539502 0.231250 0.117965
0 0.585938 0.630952 0.296875 0.138528
5 0.577734 0.738095 0.160156 0.080087
0 0.548828 0.310606 0.296094 0.123377
0 0.604297 0.533009 0.324219 0.161255
0 0.283984 0.414502 0.232031 0.119048
0 0.376172 0.272186 0.250781 0.182900
0 0.336328 0.137446 0.205469 0.147186
0 0.786719 0.217532 0.198437 0.127706
5 0.643750 0.136905 0.387500 0.273810
5 0.893359 0.365801 0.211719 0.450216
0 0.139063 0.243506 0.110937 0.112554
5 0.080078 0.206169 0.160156 0.291126
0 0.037500 0.383117 0.029687 0.132035
