5 0.351562 0.665584 0.114062 0.097403
27 0.416797 0.495671 0.096094 0.069264
0 0.357031 0.225108 0.018750 0.051948
5 0.203125 0.222944 0.053125 0.084416
5 0.451953 0.277056 0.107031 0.190476
27 0.546094 0.668290 0.081250 0.122294
0 0.345313 0.716450 0.132812 0.025974
0 0.388672 0.304654 0.033594 0.048701
5 0.364063 0.528680 0.112500 0.128788
0 0.430469 0.521104 0.076563 0.042208
0 0.433594 0.691017 0.093750 0.035714
27 0.451172 0.487554 0.108594 0.072511
0 0.427734 0.352814 0.036719 0.093074
0 0.523438 0.633117 0.117188 0.069264
27 0.530078 0.584416 0.113281 0.045455
0 0.466016 0.457792 0.080469 0.051948
0 0.465625 0.416667 0.081250 0.036797
0 0.365234 0.400974 0.044531 0.027056
