5 0.357422 0.488636 0.127344 0.120130
0 0.377734 0.686688 0.082031 0.053030
0 0.405469 0.595238 0.096875 0.054113
0 0.442188 0.409632 0.092188 0.033550
0 0.423828 0.663420 0.082031 0.045455
0 0.437109 0.442641 0.099219 0.032468
0 0.430469 0.373918 0.085938 0.059524
0 0.422266 0.478896 0.096094 0.035714
5 0.358594 0.309524 0.093750 0.121212
0 0.424609 0.534091 0.066406 0.029221
5 0.478906 0.569264 0.104688 0.095238
0 0.422266 0.327381 0.075781 0.029221
5 0.179297 0.195346 0.083594 0.115801
0 0.344141 0.620130 0.083594 0.032468
