0 0.483203 0.615260 0.078906 0.053030
27 0.528516 0.613095 0.042969 0.096320
0 0.374609 0.478896 0.057031 0.024892
0 0.408594 0.702381 0.068750 0.028139
27 0.376172 0.586580 0.077344 0.023810
27 0.389844 0.617965 0.084375 0.023810
27 0.462109 0.647727 0.088281 0.033550
0 0.391797 0.658550 0.075781 0.035714
5 0.494531 0.487554 0.070312 0.182900
27 0.383594 0.555736 0.085938 0.029221
5 0.443750 0.047619 0.043750 0.095238
5 0.402734 0.416667 0.100781 0.225108
0 0.511328 0.531385 0.072656 0.049784
0 0.393750 0.524892 0.073438 0.043290
