0 0.529687 0.507035 0.025000 0.098485
0 0.417969 0.645563 0.092188 0.042208
0 0.391016 0.606602 0.083594 0.029221
0 0.524219 0.664502 0.026562 0.090909
5 0.331641 0.492424 0.071094 0.147186
5 0.537891 0.160173 0.055469 0.103896
0 0.510547 0.496212 0.022656 0.096320
5 0.548438 0.281926 0.085938 0.189394
27 0.482422 0.481061 0.030469 0.115801
0 0.421484 0.680736 0.110156 0.045455
5 0.375000 0.179113 0.056250 0.174242
0 0.341016 0.622835 0.044531 0.085498
27 0.455078 0.629870 0.122656 0.025974
0 0.427734 0.389069 0.021094 0.085498
