27 0.377344 0.715368 0.104688 0.028139
0 0.427734 0.588203 0.063281 0.048701
5 0.539453 0.683442 0.105469 0.091991
27 0.487891 0.485931 0.053906 0.121212
27 0.361719 0.670455 0.096875 0.042208
0 0.430469 0.462662 0.073438 0.033550
5 0.353906 0.451299 0.070312 0.106061
27 0.394141 0.653680 0.097656 0.045455
0 0.468750 0.529762 0.040625 0.107143
5 0.464453 0.062229 0.064844 0.124459
5 0.530859 0.325758 0.124219 0.220779
5 0.146094 0.411255 0.059375 0.125541
0 0.478125 0.669913 0.029687 0.071429
0 0.511719 0.640693 0.021875 0.080087
5 0.355859 0.585498 0.088281 0.121212
