27 0.393359 0.611472 0.072656 0.023810
27 0.465625 0.629870 0.101562 0.025974
27 0.419531 0.641234 0.078125 0.029221
27 0.423438 0.675866 0.089063 0.035714
5 0.373828 0.198052 0.064844 0.108225
27 0.540234 0.444264 0.049219 0.076840
27 0.428906 0.387987 0.018750 0.089827
27 0.523438 0.683442 0.021875 0.074675
5 0.341406 0.021104 0.039062 0.042208
5 0.564453 0.211580 0.085156 0.167749
27 0.549609 0.475108 0.036719 0.043290
5 0.513672 0.275974 0.082031 0.123377
27 0.525391 0.535714 0.050781 0.106061
27 0.483203 0.469156 0.025781 0.120130
