27 0.518750 0.359848 0.060937 0.076840
5 0.170313 0.330628 0.053125 0.111472
27 0.398047 0.700758 0.085156 0.057359
27 0.473438 0.297078 0.057813 0.081169
27 0.380469 0.655844 0.042188 0.058442
5 0.372266 0.175325 0.077344 0.175325
27 0.392969 0.444264 0.067187 0.076840
27 0.468359 0.549784 0.119531 0.058442
5 0.445703 0.304113 0.086719 0.177489
5 0.563281 0.277056 0.067187 0.207792
5 0.324219 0.607684 0.079687 0.120130
27 0.425391 0.600649 0.092969 0.054113
5 0.507812 0.057359 0.059375 0.114719
