27 0.412109 0.553030 0.099219 0.054113
27 0.417969 0.480519 0.092188 0.060606
27 0.426172 0.233766 0.047656 0.047619
5 0.438672 0.055736 0.058594 0.111472
27 0.419141 0.599567 0.105469 0.034632
5 0.334766 0.337662 0.091406 0.149351
5 0.448437 0.643939 0.103125 0.132035
5 0.340625 0.696429 0.067187 0.066017
0 0.539453 0.483225 0.046094 0.066017
0 0.480469 0.467532 0.057813 0.038961
27 0.454297 0.711580 0.058594 0.033550
27 0.369922 0.632035 0.089844 0.077922
5 0.396094 0.120130 0.082812 0.147186
0 0.385156 0.317641 0.015625 0.063853
27 0.519531 0.640152 0.046875 0.040043
0 0.535937 0.682900 0.048438 0.084416
