0 0.391016 0.544913 0.086719 0.040043
0 0.411328 0.643939 0.058594 0.043290
27 0.386328 0.416126 0.080469 0.040043
5 0.557031 0.395563 0.081250 0.163420
0 0.402734 0.502706 0.078906 0.042208
5 0.301953 0.630411 0.071094 0.100649
5 0.396094 0.320887 0.070312 0.104978
0 0.397266 0.438853 0.072656 0.046537
0 0.464453 0.482143 0.075781 0.113636
0 0.408984 0.600108 0.066406 0.055195
0 0.400391 0.464286 0.064844 0.038961
0 0.470703 0.685065 0.030469 0.064935
27 0.527344 0.599026 0.043750 0.113636
0 0.466016 0.596320 0.047656 0.093074
