25 0.329297 0.644481 0.010156 0.027056
25 0.319141 0.581710 0.019531 0.011905
8 0.612109 0.589286 0.075781 0.072511
25 0.324219 0.639069 0.014063 0.024892
25 0.308203 0.648810 0.016406 0.022727
5 0.557422 0.071970 0.049219 0.143939
5 0.478125 0.535714 0.134375 0.138528
25 0.320312 0.637987 0.015625 0.024892
25 0.333984 0.609307 0.013281 0.025974
25 0.306641 0.623377 0.021094 0.008658
25 0.326562 0.595779 0.012500 0.022727
25 0.313281 0.595779 0.007812 0.027056
5 0.180859 0.176407 0.050781 0.071429
