5 0.183984 0.176948 0.058594 0.079004
25 0.308594 0.650433 0.017188 0.023810
25 0.329688 0.644481 0.010937 0.027056
8 0.608203 0.609307 0.085156 0.077922
25 0.319141 0.581169 0.021094 0.012987
5 0.473438 0.545455 0.150000 0.138528
25 0.323437 0.640152 0.015625 0.027056
25 0.313281 0.595779 0.009375 0.027056
25 0.306641 0.622835 0.021094 0.009740
25 0.320312 0.638528 0.015625 0.023810
5 0.555859 0.072511 0.053906 0.145022
25 0.333984 0.609307 0.013281 0.025974
25 0.326562 0.595779 0.012500 0.022727
