0 0.543750 0.548160 0.034375 0.102814
0 0.382422 0.607684 0.086719 0.027056
0 0.403516 0.422619 0.077344 0.068182
27 0.435937 0.639069 0.085938 0.031385
27 0.468359 0.615801 0.111719 0.064935
5 0.376953 0.053030 0.064844 0.106061
0 0.371094 0.639610 0.081250 0.036797
0 0.521875 0.620671 0.075000 0.061688
0 0.377734 0.676407 0.058594 0.023810
5 0.493359 0.417208 0.088281 0.124459
5 0.244141 0.042208 0.050781 0.084416
0 0.417578 0.522186 0.083594 0.029221
27 0.446094 0.685065 0.101562 0.038961
5 0.473828 0.095779 0.064844 0.191558
