0 0.500000 0.648810 0.046875 0.061688
5 0.539844 0.576840 0.112500 0.136364
0 0.403906 0.623918 0.084375 0.037879
0 0.520312 0.712662 0.075000 0.024892
0 0.414453 0.656385 0.061719 0.024892
27 0.439453 0.521645 0.030469 0.123377
5 0.531641 0.093074 0.042969 0.116883
0 0.369141 0.606061 0.077344 0.023810
0 0.387109 0.576299 0.072656 0.048701
0 0.335938 0.576840 0.071875 0.025974
27 0.469922 0.400433 0.069531 0.071429
0 0.382422 0.416667 0.035156 0.032468
0 0.316406 0.535714 0.035937 0.036797
0 0.394922 0.472944 0.044531 0.030303
5 0.359375 0.468074 0.103125 0.128788
27 0.355469 0.385823 0.073438 0.046537
