27 0.291797 0.639069 0.091406 0.109307
27 0.289844 0.690476 0.079687 0.077922
27 0.446875 0.675325 0.029687 0.108225
5 0.372266 0.684524 0.082031 0.089827
27 0.351562 0.571970 0.043750 0.068182
27 0.230078 0.628247 0.108594 0.059524
27 0.308984 0.613636 0.080469 0.116883
5 0.329297 0.320346 0.094531 0.151515
27 0.391016 0.399892 0.149219 0.109307
0 0.282422 0.416126 0.063281 0.024892
27 0.412500 0.647727 0.064062 0.109307
27 0.233594 0.704545 0.056250 0.049784
5 0.437500 0.134199 0.067187 0.181818
5 0.467578 0.034632 0.044531 0.069264
27 0.204297 0.698052 0.050781 0.062771
5 0.338281 0.470238 0.082812 0.156926
27 0.255469 0.373377 0.057813 0.036797
0 0.244141 0.338203 0.085156 0.033550
27 0.327734 0.580087 0.085156 0.110390
5 0.247266 0.219156 0.064844 0.187229
