27 0.393750 0.586039 0.085938 0.122294
5 0.385156 0.106602 0.067187 0.213203
5 0.403906 0.644481 0.109375 0.169913
27 0.284766 0.632576 0.080469 0.104978
5 0.468359 0.029762 0.039844 0.059524
5 0.335156 0.304113 0.085938 0.140693
27 0.302734 0.456710 0.113281 0.047619
0 0.410547 0.407468 0.082031 0.126623
0 0.231250 0.704004 0.048438 0.050866
27 0.301172 0.388528 0.092969 0.038961
0 0.292187 0.417208 0.089063 0.033550
0 0.205859 0.632035 0.041406 0.082251
0 0.456641 0.530844 0.041406 0.133117
27 0.292578 0.684524 0.096094 0.089827
27 0.309766 0.614177 0.082031 0.122294
27 0.215234 0.673160 0.072656 0.112554
27 0.449219 0.681818 0.051562 0.095238
