5 0.402344 0.187771 0.067187 0.133117
0 0.257031 0.677489 0.032813 0.103896
27 0.457031 0.464827 0.035937 0.100649
5 0.423438 0.097403 0.064062 0.164502
5 0.356250 0.211580 0.073438 0.187229
0 0.395703 0.712121 0.069531 0.034632
0 0.223438 0.678030 0.042188 0.100649
27 0.335938 0.601732 0.064062 0.106061
5 0.435156 0.563853 0.100000 0.108225
0 0.455469 0.636905 0.029687 0.111472
27 0.378125 0.485390 0.070312 0.072511
27 0.276172 0.545996 0.032031 0.122294
5 0.269922 0.446429 0.102344 0.202381
27 0.366016 0.596320 0.044531 0.116883
