27 0.416797 0.630411 0.091406 0.057359
27 0.151562 0.637987 0.062500 0.076840
5 0.295312 0.212662 0.092188 0.198052
27 0.225000 0.641775 0.065625 0.095238
5 0.382031 0.086580 0.064062 0.173160
27 0.339453 0.543831 0.117969 0.122294
5 0.303906 0.566017 0.093750 0.177489
5 0.364453 0.400974 0.069531 0.187229
27 0.310937 0.702381 0.073438 0.054113
27 0.150391 0.682359 0.047656 0.027056
27 0.326953 0.650433 0.044531 0.153680
27 0.263672 0.516775 0.039844 0.154762
27 0.414453 0.483766 0.139844 0.080087
