0 0.439844 0.614177 0.034375 0.148268
0 0.150000 0.637446 0.057813 0.043290
0 0.150000 0.675866 0.045312 0.040043
0 0.319922 0.441558 0.049219 0.086580
0 0.398438 0.704004 0.026562 0.050866
0 0.429297 0.698052 0.030469 0.062771
0 0.355078 0.623377 0.125781 0.045455
0 0.425000 0.481602 0.050000 0.142857
0 0.351953 0.580087 0.110156 0.060606
0 0.357812 0.518939 0.042188 0.107143
5 0.480469 0.042749 0.067187 0.085498
5 0.372656 0.448052 0.089063 0.203463
5 0.440625 0.150974 0.075000 0.230519
5 0.344922 0.269481 0.080469 0.160173
