27 0.365234 0.615801 0.074219 0.186147
0 0.350000 0.515152 0.025000 0.121212
27 0.319531 0.706169 0.029687 0.046537
0 0.408203 0.591450 0.042969 0.120130
27 0.371484 0.451299 0.044531 0.142857
0 0.150781 0.661797 0.050000 0.057359
5 0.407813 0.239177 0.078125 0.170996
5 0.396094 0.669372 0.092188 0.120130
5 0.373437 0.082792 0.040625 0.150433
27 0.241406 0.632035 0.081250 0.179654
27 0.308594 0.588745 0.035937 0.149351
5 0.395703 0.668831 0.091406 0.121212
5 0.266016 0.303030 0.102344 0.160173
5 0.078125 0.208333 0.078125 0.152597
