5 0.713281 0.272186 0.081250 0.213203
0 0.463672 0.167208 0.028906 0.048701
0 0.490625 0.200758 0.029687 0.031385
0 0.508594 0.108766 0.031250 0.022727
0 0.451172 0.215909 0.021094 0.061688
0 0.454297 0.261364 0.021094 0.074675
0 0.484766 0.218074 0.039844 0.063853
0 0.548828 0.090368 0.014844 0.020563
0 0.469141 0.216991 0.041406 0.068182
5 0.768359 0.685606 0.196094 0.087662
0 0.481250 0.258658 0.040625 0.058442
0 0.484766 0.155303 0.033594 0.029221
0 0.626953 0.356602 0.067969 0.072511
5 0.731641 0.498918 0.128906 0.142857
0 0.482422 0.163420 0.046094 0.021645
