0 0.490234 0.256494 0.032031 0.084416
0 0.460938 0.178030 0.014063 0.046537
0 0.512109 0.127706 0.011719 0.025974
0 0.677734 0.358225 0.050781 0.043290
5 0.767969 0.530844 0.110937 0.137446
0 0.492578 0.129870 0.017969 0.023810
0 0.479297 0.128788 0.024219 0.038961
5 0.780859 0.686688 0.164844 0.085498
5 0.707422 0.290584 0.077344 0.163420
0 0.485156 0.089286 0.012500 0.031385
0 0.477734 0.192641 0.042969 0.060606
0 0.504297 0.141775 0.028906 0.021645
0 0.495312 0.200216 0.020313 0.062771
0 0.469922 0.086580 0.017969 0.025974
0 0.487500 0.154221 0.056250 0.018398
0 0.508594 0.183983 0.012500 0.047619
