0 0.448047 0.614719 0.203906 0.084416
11 0.101953 0.082251 0.058594 0.095238
5 0.790234 0.609307 0.263281 0.344156
11 0.235547 0.221320 0.036719 0.111472
11 0.028906 0.545455 0.057813 0.047619
11 0.175391 0.196970 0.035156 0.114719
5 0.824609 0.037879 0.128906 0.075758
11 0.142969 0.232684 0.060937 0.151515
11 0.125000 0.202381 0.045312 0.147186
11 0.209766 0.194805 0.042969 0.166667
5 0.924219 0.351190 0.150000 0.275974
0 0.049609 0.405303 0.099219 0.180736
5 0.567187 0.228896 0.220312 0.397186
