5 0.817187 0.284091 0.170313 0.405844
5 0.027734 0.646104 0.055469 0.106061
11 0.073828 0.636905 0.057031 0.126623
5 0.667969 0.390693 0.250000 0.435065
5 0.821484 0.034632 0.146094 0.069264
11 0.106641 0.084957 0.038281 0.100649
0 0.067187 0.454545 0.134375 0.145022
0 0.811719 0.713745 0.084375 0.133117
11 0.099609 0.497835 0.161719 0.233766
11 0.139063 0.239177 0.062500 0.164502
11 0.207422 0.193182 0.046094 0.167749
11 0.178906 0.170996 0.045312 0.164502
0 0.044141 0.399892 0.088281 0.172078
11 0.239453 0.224567 0.028906 0.111472
11 0.127734 0.199134 0.052344 0.155844
