11 0.059375 0.168290 0.034375 0.124459
11 0.075000 0.192100 0.059375 0.141775
11 0.114062 0.132035 0.043750 0.123377
5 0.145703 0.291126 0.078906 0.183983
11 0.127734 0.256494 0.086719 0.162338
5 0.773047 0.356602 0.210156 0.347403
11 0.131641 0.062229 0.047656 0.104978
11 0.173828 0.042749 0.027344 0.085498
0 0.498437 0.601732 0.170313 0.090909
5 0.547656 0.183983 0.117188 0.367965
0 0.070312 0.433442 0.048438 0.180736
5 0.462109 0.437229 0.302344 0.443723
5 0.785547 0.033009 0.057031 0.066017
