11 0.114844 0.053571 0.046875 0.085498
11 0.137891 0.237554 0.064844 0.169913
11 0.211328 0.198052 0.036719 0.162338
5 0.839844 0.045455 0.118750 0.090909
11 0.161328 0.196970 0.075781 0.196970
0 0.027734 0.471861 0.052344 0.166667
5 0.819922 0.678571 0.264844 0.199134
5 0.044531 0.675325 0.089063 0.119048
0 0.120313 0.465909 0.060937 0.176407
5 0.316016 0.207792 0.169531 0.415584
11 0.122266 0.202922 0.042969 0.143939
11 0.238672 0.222944 0.032031 0.108225
11 0.116797 0.060606 0.058594 0.064935
