0 0.224219 1.194792 0.057813 0.189583
5 0.182031 0.338542 0.132812 0.243750
5 0.531250 0.239583 0.281250 0.308333
5 0.881250 0.153125 0.156250 0.306250
5 0.673438 0.325000 0.240625 0.479167
5 0.539844 0.852083 0.282813 0.566667
5 0.034375 0.630208 0.068750 0.243750
5 0.166406 0.983333 0.164062 0.262500
0 0.147656 1.192708 0.135937 0.152083
0 0.111719 1.226042 0.082812 0.156250
0 0.062500 1.293750 0.050000 0.270833
26 0.835938 0.981250 0.259375 0.225000
5 0.784375 1.194792 0.493750 0.427083
5 0.053125 0.904167 0.106250 0.291667
