5 0.192969 0.792708 0.217188 0.264583
5 0.121875 0.688542 0.196875 0.352083
0 0.253906 1.126042 0.114062 0.293750
26 0.651563 0.979167 0.250000 0.133333
5 0.082031 0.529167 0.164062 0.270833
5 0.727344 0.155208 0.167187 0.264583
5 0.877344 1.009375 0.245312 0.372917
5 0.211719 1.391667 0.239063 0.212500
5 0.691406 0.607292 0.220312 0.660417
5 0.850000 0.076042 0.196875 0.152083
5 0.521094 0.228125 0.176563 0.318750
5 0.101562 1.112500 0.203125 0.275000
0 0.350781 1.358333 0.195312 0.158333
5 0.457813 0.629167 0.287500 0.437500
