17 0.775000 1.047917 0.137500 0.116667
17 0.867188 0.938542 0.271875 0.160417
5 0.125000 1.108333 0.171875 0.258333
5 0.184375 0.301042 0.103125 0.152083
5 0.873437 0.464583 0.240625 0.487500
5 0.985938 1.030208 0.334375 0.268750
5 0.683594 0.303125 0.173437 0.460417
0 0.228125 1.138542 0.093750 0.268750
5 0.609375 1.353125 0.356250 0.289583
5 0.368750 0.908333 0.218750 0.275000
5 0.517969 0.254167 0.129688 0.320833
5 0.879687 0.086458 0.112500 0.172917
5 0.485156 0.691667 0.264062 0.400000
0 0.060156 1.306250 0.048438 0.183333
5 0.219531 0.591667 0.160938 0.475000
