5 0.804688 0.501042 0.375000 0.377083
5 0.126562 1.026042 0.190625 0.256250
0 0.128906 1.339583 0.089063 0.170833
27 0.227344 1.202083 0.117188 0.379167
5 0.038281 0.643750 0.076563 0.158333
5 0.753906 0.213542 0.167187 0.289583
5 0.874219 0.077083 0.117188 0.154167
27 0.750781 0.928125 0.292187 0.193750
5 0.719531 1.041667 0.292187 0.341667
5 0.106250 0.845833 0.175000 0.225000
5 0.262500 0.658333 0.209375 0.350000
5 0.489063 0.631250 0.212500 0.395833
5 0.524219 0.232292 0.170313 0.310417
0 0.282031 0.945833 0.126562 0.070833
