0 0.231250 1.136458 0.093750 0.268750
5 0.972656 1.062500 0.307812 0.308333
17 0.843750 0.960417 0.231250 0.104167
17 0.736719 1.058333 0.182812 0.112500
5 0.179688 0.297917 0.093750 0.137500
5 0.862500 0.451042 0.303125 0.489583
5 0.216406 0.573958 0.160938 0.439583
5 0.483594 0.680208 0.270313 0.410417
5 0.410156 0.928125 0.323437 0.302083
0 0.060156 1.307292 0.048438 0.193750
5 0.122656 1.108333 0.176563 0.262500
5 0.689063 0.303125 0.190625 0.447917
5 0.608594 1.342708 0.354687 0.310417
5 0.880469 0.070833 0.114062 0.141667
5 0.516406 0.255208 0.139063 0.318750
