5 0.207813 1.382292 0.253125 0.231250
0 0.759375 0.873958 0.253125 0.189583
0 0.336719 0.930208 0.139063 0.093750
0 0.280469 0.951042 0.085938 0.077083
0 0.366406 1.302083 0.248438 0.104167
5 0.709375 0.292708 0.159375 0.456250
5 0.128906 1.059375 0.192188 0.222917
0 0.253906 1.172917 0.139063 0.262500
5 0.965625 0.978125 0.228125 0.539583
0 0.153906 1.226042 0.089063 0.147917
5 0.651563 0.581250 0.234375 0.387500
5 0.383594 0.805208 0.232813 0.277083
5 0.158594 0.318750 0.170313 0.279167
5 0.479687 0.233333 0.165625 0.283333
0 0.100000 1.323958 0.078125 0.227083
5 0.063281 0.522917 0.126562 0.233333
