17 0.866406 0.928125 0.276562 0.172917
5 0.678125 0.062500 0.093750 0.125000
17 0.735938 1.057292 0.171875 0.122917
0 0.062500 1.306250 0.043750 0.195833
5 0.853906 0.447917 0.323437 0.495833
5 0.400000 0.931250 0.303125 0.304167
5 0.873437 0.117708 0.128125 0.235417
5 0.967969 1.053125 0.304688 0.314583
5 0.517188 0.256250 0.137500 0.320833
5 0.609375 1.353125 0.359375 0.289583
5 0.692969 0.307292 0.195312 0.460417
5 0.123438 1.108333 0.175000 0.266667
5 0.484375 0.676042 0.268750 0.414583
5 0.243750 0.603125 0.218750 0.493750
0 0.233594 1.131250 0.092188 0.287500
5 0.183594 0.305208 0.110937 0.152083
