5 0.189844 0.317708 0.117188 0.189583
5 0.978125 1.058333 0.350000 0.312500
5 0.852344 0.478125 0.254688 0.481250
5 0.871875 0.132292 0.128125 0.264583
5 0.610156 1.342708 0.364063 0.310417
5 0.675000 0.298958 0.153125 0.464583
5 0.416406 0.891667 0.345313 0.266667
5 0.114062 1.108333 0.184375 0.258333
5 0.219531 0.592708 0.173437 0.485417
17 0.868750 0.920833 0.275000 0.187500
5 0.485156 0.683333 0.270313 0.379167
0 0.065625 1.291667 0.043750 0.166667
5 0.516406 0.252083 0.135937 0.325000
17 0.733594 1.051042 0.232813 0.114583
0 0.231250 1.128125 0.087500 0.281250
