5 0.689063 0.306250 0.187500 0.450000
5 0.617969 1.340625 0.376563 0.314583
5 0.957031 1.056250 0.292187 0.316667
5 0.515625 0.254167 0.134375 0.316667
5 0.484375 0.675000 0.268750 0.420833
5 0.410156 0.932292 0.317188 0.302083
5 0.842969 0.443750 0.345313 0.491667
5 0.124219 1.103125 0.173437 0.268750
17 0.735938 1.059375 0.178125 0.110417
0 0.232813 1.128125 0.090625 0.285417
5 0.883594 0.072917 0.110937 0.145833
0 0.064062 1.311458 0.040625 0.202083
5 0.180469 0.301042 0.098437 0.147917
17 0.867188 0.936458 0.278125 0.160417
5 0.223438 0.580208 0.175000 0.447917
