5 0.201563 1.373958 0.246875 0.247917
0 0.099219 1.327083 0.067187 0.237500
5 0.126562 1.060417 0.193750 0.225000
0 0.371094 1.302083 0.239063 0.108333
5 0.477344 0.235417 0.160938 0.283333
5 0.631250 0.608333 0.212500 0.412500
5 0.158594 0.267708 0.170313 0.177083
5 0.957812 0.975000 0.228125 0.537500
5 0.395313 0.805208 0.256250 0.281250
0 0.762500 0.873958 0.259375 0.189583
0 0.354687 0.943750 0.100000 0.054167
5 0.708594 0.290625 0.164062 0.452083
0 0.254688 1.175000 0.137500 0.262500
0 0.276562 0.951042 0.081250 0.081250
