0 0.228906 1.135417 0.092188 0.270833
5 0.486719 0.684375 0.264062 0.402083
5 0.975781 1.059375 0.314063 0.302083
0 0.062500 1.309375 0.046875 0.193750
5 0.409375 0.927083 0.325000 0.295833
5 0.218750 0.576042 0.162500 0.439583
5 0.617188 1.354167 0.378125 0.287500
5 0.693750 0.305208 0.193750 0.452083
5 0.865625 0.450000 0.284375 0.483333
17 0.867188 0.936458 0.278125 0.152083
17 0.736719 1.054167 0.185938 0.120833
5 0.517188 0.255208 0.140625 0.318750
5 0.885156 0.067708 0.104688 0.135417
5 0.123438 1.108333 0.175000 0.258333
5 0.180469 0.290625 0.098437 0.135417
