5 0.881250 0.134375 0.103125 0.268750
5 0.188281 0.323958 0.114062 0.206250
5 0.521094 0.252083 0.132812 0.320833
5 0.223438 0.594792 0.175000 0.477083
5 0.978125 1.063542 0.353125 0.310417
5 0.117969 1.105208 0.176563 0.264583
5 0.607031 1.340625 0.364063 0.314583
5 0.485156 0.683333 0.267188 0.387500
5 0.857812 0.473958 0.275000 0.489583
5 0.366406 0.886458 0.248438 0.260417
5 0.674219 0.297917 0.148438 0.454167
0 0.241406 1.122917 0.070312 0.241667
17 0.867969 0.935417 0.279687 0.158333
0 0.062500 1.291667 0.043750 0.166667
