27 0.749219 0.939583 0.285938 0.191667
5 0.720313 1.037500 0.296875 0.345833
0 0.284375 0.953125 0.125000 0.068750
0 0.113281 1.346875 0.067187 0.177083
5 0.130469 1.020833 0.192188 0.250000
27 0.225781 1.201042 0.123438 0.385417
5 0.752344 0.219792 0.173437 0.302083
5 0.878125 0.077083 0.115625 0.150000
5 0.490625 0.637500 0.215625 0.412500
5 0.121875 0.831250 0.137500 0.200000
5 0.038281 0.641667 0.076563 0.166667
5 0.805469 0.507292 0.376563 0.360417
5 0.262500 0.659375 0.231250 0.352083
5 0.528125 0.235417 0.178125 0.312500
