5 0.692187 1.038542 0.237500 0.343750
5 0.035937 0.647917 0.071875 0.175000
0 0.285156 0.951042 0.126562 0.068750
5 0.522656 0.225000 0.167187 0.300000
5 0.493750 0.633333 0.218750 0.408333
27 0.747656 0.934375 0.292187 0.206250
27 0.226562 1.189583 0.121875 0.416667
5 0.127344 1.016667 0.204687 0.262500
5 0.102344 0.831250 0.142187 0.204167
27 0.759375 0.938542 0.325000 0.218750
5 0.751563 0.219792 0.168750 0.306250
5 0.807813 0.502083 0.368750 0.375000
0 0.113281 1.342708 0.070312 0.177083
5 0.282031 0.659375 0.248438 0.397917
