5 0.690625 0.313542 0.196875 0.464583
5 0.183594 0.305208 0.117188 0.152083
5 0.246875 0.612500 0.228125 0.508333
17 0.864844 0.937500 0.270313 0.158333
0 0.225781 1.121875 0.098437 0.252083
5 0.948438 1.041667 0.278125 0.316667
5 0.850000 0.442708 0.343750 0.514583
5 0.610156 1.351042 0.360938 0.293750
5 0.129688 1.118750 0.165625 0.300000
5 0.527344 0.253125 0.151562 0.322917
0 0.062500 1.290625 0.050000 0.160417
5 0.485156 0.678125 0.273438 0.414583
5 0.882812 0.109375 0.112500 0.218750
5 0.389844 0.933333 0.282813 0.287500
