5 0.075000 1.190625 0.150000 0.314583
25 0.036719 0.786458 0.060937 0.135417
25 0.032813 0.648958 0.059375 0.131250
5 0.324219 0.363542 0.648438 0.664583
25 0.110156 0.648958 0.070312 0.143750
25 0.041406 0.529167 0.045312 0.095833
25 0.075000 1.098958 0.040625 0.081250
25 1.443750 0.301042 0.125000 0.281250
25 0.855469 0.235417 0.167187 0.254167
25 1.214063 0.276042 0.168750 0.281250
25 0.716406 0.266667 0.104688 0.245833
5 1.897656 0.995833 0.201563 0.212500
5 0.578906 1.165625 1.157812 0.664583
25 0.407031 0.602083 0.032813 0.075000
