25 0.037500 0.789583 0.053125 0.145833
5 1.801562 0.277083 0.393750 0.554167
25 1.650781 0.423958 0.142187 0.264583
25 0.052344 0.510417 0.089063 0.379167
25 0.117188 0.453125 0.071875 0.206250
25 1.207812 0.264583 0.162500 0.279167
25 0.852344 0.235417 0.157812 0.270833
5 0.233594 1.137500 0.467187 0.433333
25 0.703125 0.272917 0.109375 0.266667
25 0.034375 1.372917 0.056250 0.058333
25 0.179688 0.461458 0.053125 0.168750
5 0.672656 1.189583 0.948438 0.616667
5 1.916406 1.030208 0.164062 0.218750
25 0.109375 0.637500 0.075000 0.170833
