25 0.073438 0.450000 0.146875 0.320833
25 0.021875 0.800000 0.034375 0.062500
25 0.017188 0.884375 0.031250 0.043750
25 0.107813 0.701042 0.053125 0.043750
25 0.103125 0.618750 0.043750 0.029167
25 0.053125 0.648958 0.021875 0.022917
25 0.032813 0.833333 0.018750 0.054167
25 0.028906 0.637500 0.026562 0.041667
5 0.189062 1.229167 0.378125 0.537500
25 0.097656 0.684375 0.042188 0.035417
25 0.038281 0.742708 0.035937 0.031250
25 0.033594 0.680208 0.045312 0.043750
5 0.588281 1.180208 1.110937 0.635417
25 0.107813 0.603125 0.040625 0.027083
25 0.101562 0.637500 0.046875 0.037500
25 0.102344 0.660417 0.045312 0.029167
5 1.917969 1.114583 0.160938 0.258333
