25 1.657031 0.420833 0.157812 0.245833
5 0.725781 1.134375 0.804688 0.727083
5 0.212500 1.138542 0.425000 0.427083
25 0.716406 0.269792 0.098437 0.272917
25 0.855469 0.227083 0.164062 0.275000
25 1.224219 0.271875 0.167187 0.281250
5 1.867188 1.284375 0.262500 0.427083
25 0.036719 0.795833 0.054688 0.133333
25 0.150781 0.340625 0.123438 0.227083
25 0.109375 0.653125 0.075000 0.127083
25 0.035937 0.662500 0.056250 0.129167
25 0.055469 0.439583 0.073438 0.258333
25 0.125781 0.525000 0.110937 0.120833
