25 0.239844 0.891667 0.048438 0.079167
25 0.337500 0.904167 0.031250 0.116667
25 0.375000 0.865625 0.037500 0.139583
25 1.214063 0.266667 0.168750 0.300000
25 0.085938 0.667708 0.165625 0.381250
25 0.851562 0.236458 0.178125 0.293750
25 0.264844 0.868750 0.054688 0.070833
25 0.308594 0.852083 0.054688 0.075000
25 0.325000 0.788542 0.056250 0.093750
25 0.396875 0.927083 0.021875 0.050000
5 0.814844 1.225000 0.895312 0.545833
5 0.262500 1.212500 0.525000 0.570833
5 0.199219 0.453125 0.398438 0.572917
25 0.711719 0.271875 0.095312 0.281250
