25 0.110937 0.796875 0.075000 0.127083
5 0.266406 1.170833 0.532813 0.487500
25 0.035156 0.782292 0.054688 0.147917
25 0.107031 0.653125 0.070312 0.139583
25 0.853125 0.236458 0.162500 0.272917
25 0.108594 0.485417 0.054688 0.154167
25 1.214063 0.266667 0.156250 0.283333
25 0.142969 0.321875 0.026562 0.127083
25 0.048438 0.491667 0.062500 0.195833
25 0.717187 0.270833 0.093750 0.266667
5 0.817969 1.212500 0.882812 0.570833
25 0.035156 0.668750 0.054688 0.116667
25 0.116406 0.343750 0.023438 0.087500
