25 1.885156 1.269792 0.029687 0.068750
5 0.890625 0.282292 0.162500 0.331250
25 1.883594 1.312500 0.057813 0.141667
25 1.792969 1.309375 0.064062 0.106250
5 0.889062 1.011458 0.440625 0.972917
25 1.854688 1.276042 0.096875 0.127083
25 1.904688 1.479167 0.053125 0.033333
25 1.794531 1.198958 0.051562 0.102083
25 1.833594 1.452083 0.060937 0.029167
25 1.730469 1.380208 0.057813 0.152083
25 1.708594 1.275000 0.026562 0.108333
25 1.794531 1.336458 0.026562 0.064583
25 1.717188 1.330208 0.021875 0.093750
25 1.806250 1.415625 0.078125 0.052083
25 1.896094 1.368750 0.073438 0.137500
25 1.741406 1.480208 0.039062 0.035417
25 1.685938 1.373958 0.025000 0.164583
25 1.939844 1.385417 0.035937 0.158333
5 1.489844 0.526042 0.314063 0.860417
5 1.307031 0.809375 0.523438 1.377083
25 1.783594 1.480208 0.057813 0.035417
25 1.785937 1.404167 0.084375 0.104167
25 1.722656 1.443750 0.070312 0.095833
5 1.703125 0.282292 0.256250 0.385417
5 0.641406 0.396875 0.139063 0.139583
