25 0.878125 0.255208 0.062500 0.152083
25 0.925000 0.197917 0.031250 0.258333
25 0.968750 0.219792 0.059375 0.227083
25 0.784375 0.267708 0.028125 0.131250
25 0.473438 0.311458 0.103125 0.256250
25 0.764844 0.189583 0.045312 0.162500
25 0.725781 0.219792 0.032813 0.202083
25 0.690625 0.246875 0.037500 0.160417
25 0.863281 0.152083 0.048438 0.137500
5 1.371094 0.382292 0.667188 0.764583
25 0.673438 0.208333 0.031250 0.204167
5 0.931250 1.205208 0.712500 0.585417
5 0.320312 0.386458 0.640625 0.706250
5 0.272656 1.192708 0.545312 0.518750
