5 0.873437 1.154167 1.250000 0.687500
25 0.852344 0.335417 0.064062 0.229167
25 0.077344 1.370833 0.032813 0.025000
25 0.672656 0.239583 0.157812 0.304167
25 0.375781 0.272917 0.098437 0.145833
25 0.523438 0.227083 0.153125 0.295833
25 0.046094 1.400000 0.032813 0.058333
5 1.860937 1.219792 0.275000 0.260417
25 0.045312 1.334375 0.034375 0.047917
25 0.058594 1.432292 0.042188 0.018750
5 0.259375 1.184375 0.518750 0.585417
25 0.041406 1.353125 0.039062 0.047917
25 0.060937 1.455208 0.050000 0.027083
