25 0.450781 0.288542 0.101562 0.285417
25 0.528906 0.263542 0.092188 0.314583
5 0.140625 0.219792 0.281250 0.372917
5 0.752344 1.227083 0.842187 0.541667
25 0.653906 0.196875 0.151562 0.322917
25 1.345312 0.316667 0.040625 0.120833
25 0.342969 0.246875 0.110937 0.222917
25 0.826562 0.197917 0.200000 0.300000
25 1.317969 0.221875 0.032813 0.147917
5 0.240625 1.214583 0.481250 0.495833
5 1.885938 1.230208 0.225000 0.185417
25 0.476562 0.400000 0.021875 0.112500
25 1.019531 0.214583 0.164062 0.300000
25 1.180469 0.239583 0.189062 0.291667
25 1.294531 0.144792 0.029687 0.114583
