25 0.957812 1.036458 0.359375 0.510417
5 1.164844 0.281250 0.173437 0.479167
25 1.086719 0.738542 0.170313 0.102083
5 0.429688 1.094792 0.715625 0.806250
5 1.800000 0.279167 0.209375 0.412500
25 0.916406 1.466667 0.057813 0.062500
5 1.447656 0.585417 0.339062 0.791667
25 0.969531 1.435417 0.042188 0.120833
5 1.572656 0.903125 0.551562 1.189583
25 1.828906 1.265625 0.117188 0.043750
25 0.932813 1.336458 0.165625 0.152083
5 1.318750 0.321875 0.168750 0.497917
25 1.849219 1.277083 0.104688 0.058333
25 1.725000 1.370833 0.118750 0.241667
