5 0.139063 1.223958 0.278125 0.289583
0 0.630469 0.208333 0.101562 0.112500
27 0.918750 1.430208 0.421875 0.135417
5 0.898438 0.491667 0.650000 0.983333
5 1.669531 0.232292 0.485938 0.464583
0 0.575000 0.376042 0.156250 0.177083
0 1.624219 1.059375 0.548438 0.310417
5 1.706250 0.932292 0.584375 0.710417
0 0.472656 0.431250 0.257812 0.237500
0 0.058594 0.721875 0.104688 0.510417
0 1.346875 0.442708 0.278125 0.247917
0 0.500781 0.620833 0.176563 0.241667
5 1.123438 1.353125 0.446875 0.289583
27 1.287500 1.358333 0.668750 0.279167
