0 0.614062 1.038542 0.462500 0.227083
0 1.171875 1.214583 0.593750 0.266667
5 1.155469 1.420833 0.320312 0.154167
0 1.097656 0.597917 0.592187 0.237500
0 1.208594 1.026042 0.648438 0.310417
0 0.567969 0.797917 0.464062 0.229167
0 0.752344 0.523958 0.501563 0.352083
0 0.672656 0.264583 0.410938 0.283333
0 1.573438 0.418750 0.396875 0.245833
5 1.287500 0.263542 0.775000 0.527083
5 1.786719 0.704167 0.423438 0.866667
0 0.278125 0.468750 0.221875 0.216667
5 0.160156 0.396875 0.320312 0.560417
0 0.075000 0.737500 0.059375 0.254167
