5 1.727344 0.214583 0.542188 0.429167
0 0.060937 0.723958 0.109375 0.497917
27 1.287500 1.354167 0.668750 0.262500
0 1.271875 0.450000 0.437500 0.408333
0 0.587500 0.344792 0.200000 0.122917
0 1.313281 0.328125 0.398438 0.197917
5 1.646875 1.071875 0.703125 0.847917
0 0.645312 0.202083 0.131250 0.125000
5 0.820312 0.534375 0.706250 1.068750
5 1.103906 1.350000 0.432812 0.295833
5 0.145313 1.094792 0.290625 0.406250
27 0.814844 1.430208 0.210938 0.135417
0 0.435156 0.428125 0.229687 0.218750
0 0.207813 0.844792 0.262500 0.197917
0 1.225781 0.888542 0.432812 0.272917
