0 0.718750 0.535417 0.456250 0.304167
0 1.525781 0.426042 0.276562 0.206250
0 0.666406 0.258333 0.398438 0.300000
0 0.072656 0.741667 0.064062 0.233333
0 1.172656 1.211458 0.595313 0.272917
0 0.611719 1.039583 0.464062 0.200000
0 0.567969 0.785417 0.460938 0.233333
0 1.098437 0.592708 0.593750 0.231250
0 1.210156 1.021875 0.651563 0.318750
0 0.292187 0.426042 0.212500 0.231250
5 1.260938 0.266667 0.784375 0.533333
5 0.164062 0.383333 0.328125 0.604167
5 1.153906 1.419792 0.320312 0.156250
5 1.809375 0.631250 0.378125 0.245833
