5 1.557031 0.970833 0.573438 0.970833
5 1.902344 0.276042 0.192188 0.552083
0 0.110156 0.728125 0.132812 0.568750
0 0.692969 0.363542 0.382812 0.156250
5 0.077344 0.810417 0.154688 0.287500
0 1.842969 0.514583 0.129688 0.316667
27 0.926562 1.451042 0.400000 0.093750
0 0.698438 0.546875 0.593750 0.393750
27 1.256250 1.359375 0.600000 0.277083
0 0.838281 0.228125 0.535937 0.189583
0 1.287500 0.382292 0.612500 0.218750
5 1.017969 1.351042 0.504687 0.293750
0 0.443750 0.445833 0.240625 0.275000
0 1.311719 0.719792 0.560937 0.447917
