0 1.103125 0.578125 0.600000 0.256250
5 1.152344 1.417708 0.323437 0.156250
5 0.163281 0.394792 0.326562 0.593750
0 1.171875 1.212500 0.596875 0.275000
0 1.200000 1.020833 0.653125 0.325000
5 1.784375 0.511458 0.428125 0.635417
0 0.078906 0.746875 0.064062 0.243750
0 1.524219 0.408333 0.432812 0.358333
0 0.023438 0.717708 0.046875 0.177083
5 1.253906 0.264583 0.785937 0.529167
0 0.295312 0.447917 0.259375 0.254167
0 0.676562 0.263542 0.428125 0.306250
0 0.606250 1.047917 0.528125 0.225000
0 0.743750 0.532292 0.500000 0.322917
0 0.565625 0.803125 0.471875 0.268750
