27 0.821094 1.453125 0.210938 0.089583
0 0.628125 0.206250 0.112500 0.112500
0 1.342188 0.293750 0.359375 0.150000
5 0.907031 0.475000 0.654687 0.950000
0 0.584375 0.410417 0.162500 0.200000
0 0.062500 0.722917 0.103125 0.495833
5 0.139063 1.232292 0.278125 0.306250
0 1.345312 0.454167 0.284375 0.287500
27 1.287500 1.359375 0.659375 0.277083
0 1.578906 1.111458 0.510938 0.289583
0 0.505469 0.644792 0.167187 0.227083
5 1.117969 1.355208 0.439063 0.285417
5 1.705469 0.996875 0.585938 0.806250
5 1.703125 0.216667 0.425000 0.433333
0 0.460938 0.428125 0.228125 0.214583
