0 0.839063 0.243750 0.534375 0.237500
0 0.673438 0.521875 0.553125 0.452083
0 0.742969 0.362500 0.492188 0.183333
0 1.291406 0.396875 0.635938 0.252083
27 0.920312 1.425000 0.415625 0.145833
5 1.563281 0.953125 0.579688 1.022917
5 0.092188 0.798958 0.184375 0.318750
5 1.015625 1.351042 0.500000 0.289583
5 1.858594 0.305208 0.279687 0.610417
0 0.074219 0.766667 0.098437 0.500000
27 1.251562 1.359375 0.596875 0.277083
0 1.311719 0.725000 0.585938 0.420833
0 0.440625 0.417708 0.250000 0.218750
0 1.815625 0.467708 0.106250 0.272917
