0 1.325000 0.458333 0.278125 0.133333
5 0.932031 0.634375 0.701562 1.131250
0 1.312500 0.307292 0.415625 0.147917
0 0.035156 0.711458 0.070312 0.464583
0 0.444531 0.417708 0.264062 0.214583
5 0.109375 0.254167 0.218750 0.225000
0 0.343750 0.812500 0.334375 0.195833
5 1.810938 1.114583 0.375000 0.579167
5 0.894531 1.358333 0.295312 0.279167
0 1.560938 1.066667 0.478125 0.254167
27 1.299219 1.359375 0.679688 0.277083
0 0.759375 0.210417 0.378125 0.179167
0 0.653125 0.377083 0.300000 0.150000
0 0.562500 0.580208 0.343750 0.281250
