0 0.072656 0.735417 0.057813 0.262500
0 0.025000 0.719792 0.050000 0.256250
0 0.293750 0.495833 0.287500 0.279167
5 0.160156 0.396875 0.320312 0.552083
0 0.744531 0.540625 0.495312 0.322917
0 0.673438 0.267708 0.425000 0.281250
0 1.557813 0.419792 0.356250 0.172917
0 1.173437 1.226042 0.587500 0.260417
0 0.610156 1.047917 0.470313 0.208333
0 1.207812 1.030208 0.662500 0.314583
0 0.564844 0.796875 0.467187 0.227083
5 1.153906 1.421875 0.320312 0.152083
5 1.692187 0.617708 0.612500 0.731250
5 1.288281 0.264583 0.798438 0.529167
0 1.092969 0.592708 0.582812 0.239583
