27 1.253125 1.351042 0.590625 0.256250
0 0.060156 0.726042 0.104688 0.485417
0 0.450781 0.417708 0.257812 0.214583
0 0.509375 0.632292 0.181250 0.210417
5 1.624219 1.028125 0.651563 0.927083
0 0.580469 0.389583 0.167187 0.133333
5 1.115625 1.355208 0.434375 0.285417
0 0.638281 0.201042 0.114062 0.110417
5 0.134375 1.248958 0.268750 0.281250
0 1.358594 0.448958 0.257812 0.277083
5 1.717188 0.217708 0.384375 0.435417
0 1.506250 1.168750 0.212500 0.141667
27 0.797656 1.454167 0.157812 0.087500
5 0.915625 0.509375 0.665625 1.018750
