0 0.703906 0.529167 0.417187 0.300000
0 0.631250 0.278125 0.421875 0.272917
0 0.560156 0.784375 0.464062 0.231250
0 0.297656 0.490625 0.273438 0.293750
0 1.210156 1.016667 0.664062 0.329167
0 1.173437 1.208333 0.600000 0.258333
0 1.078125 0.597917 0.628125 0.275000
0 0.071094 0.772917 0.073438 0.266667
0 1.103906 0.360417 0.560937 0.179167
5 1.173437 0.294792 0.640625 0.589583
5 0.162500 0.409375 0.325000 0.564583
0 0.619531 1.046875 0.476562 0.214583
5 1.874219 0.748958 0.248438 0.364583
5 1.153906 1.419792 0.323437 0.156250
