5 0.161719 0.398958 0.323437 0.568750
0 1.175000 1.213542 0.612500 0.289583
0 0.567187 0.806250 0.468750 0.275000
0 0.617188 1.044792 0.487500 0.235417
0 0.075000 0.737500 0.059375 0.250000
0 0.022656 0.708333 0.042188 0.204167
0 0.746875 0.513542 0.506250 0.347917
0 0.302344 0.493750 0.254688 0.295833
0 0.677344 0.269792 0.448437 0.306250
0 1.593750 0.425000 0.450000 0.329167
0 1.208594 1.029167 0.673438 0.333333
0 1.084375 0.596875 0.634375 0.268750
5 1.784375 0.710417 0.428125 0.904167
5 1.159375 1.419792 0.318750 0.156250
5 1.257812 0.271875 0.834375 0.543750
