27 1.282031 1.362500 0.651563 0.270833
5 0.899219 0.525000 0.707812 1.050000
0 1.248438 0.872917 0.334375 0.291667
0 0.052344 0.721875 0.092188 0.460417
0 0.592969 0.353125 0.195312 0.127083
5 1.714063 1.113542 0.568750 0.768750
0 0.642969 0.206250 0.135937 0.120833
5 1.736719 0.216667 0.523438 0.433333
5 0.149219 1.108333 0.298438 0.333333
27 0.807031 1.451042 0.164062 0.093750
0 0.439063 0.423958 0.225000 0.206250
0 0.171094 0.821875 0.217188 0.172917
0 1.312500 0.478125 0.350000 0.297917
0 1.339063 0.327083 0.340625 0.191667
5 1.107031 1.352083 0.439063 0.291667
