0 1.460938 0.423958 0.403125 0.243750
5 0.162500 0.385417 0.325000 0.612500
0 0.026562 0.752083 0.053125 0.229167
0 0.060937 0.726042 0.059375 0.206250
0 1.082812 0.598958 0.621875 0.264583
0 0.296875 0.431250 0.209375 0.229167
5 1.802344 0.655208 0.392188 0.293750
5 1.249219 0.286458 0.782813 0.572917
0 0.737500 0.533333 0.493750 0.304167
0 1.167188 1.222917 0.596875 0.241667
0 0.677344 0.259375 0.420312 0.306250
0 0.567969 0.797917 0.467187 0.266667
5 1.153906 1.420833 0.317188 0.154167
0 0.615625 1.048958 0.487500 0.218750
0 1.208594 1.018750 0.660937 0.325000
