0 0.614062 1.042708 0.475000 0.218750
5 1.849219 0.665625 0.298438 0.302083
0 1.158594 0.323958 0.598437 0.218750
0 0.669531 0.260417 0.410938 0.295833
5 1.154688 1.416667 0.321875 0.162500
0 0.715625 0.535417 0.459375 0.295833
0 0.557031 0.776042 0.457813 0.243750
0 1.167188 1.210417 0.596875 0.275000
0 0.298438 0.470833 0.284375 0.262500
0 1.207031 0.995833 0.657813 0.350000
0 0.107031 0.795833 0.101562 0.295833
0 0.038281 0.788542 0.076563 0.277083
0 1.083594 0.632292 0.620313 0.222917
5 1.223437 0.267708 0.734375 0.535417
5 0.171094 0.406250 0.342187 0.583333
