0 0.292969 0.489583 0.260937 0.283333
0 0.054688 0.793750 0.109375 0.362500
5 1.684375 0.566667 0.628125 0.829167
0 0.617969 1.046875 0.473438 0.247917
5 0.165625 0.408333 0.331250 0.575000
5 1.155469 1.416667 0.323437 0.162500
0 0.562500 0.798958 0.471875 0.239583
0 0.073438 0.761458 0.068750 0.302083
0 0.758594 0.504167 0.535937 0.375000
0 1.080469 0.611458 0.610938 0.222917
0 0.689063 0.285417 0.468750 0.312500
0 1.205469 1.027083 0.670312 0.325000
0 1.563281 0.416667 0.357812 0.158333
0 1.178906 1.215625 0.629687 0.277083
5 1.279688 0.270833 0.834375 0.541667
