5 0.703125 1.281250 0.228125 0.187500
27 0.833594 0.954167 0.192188 0.133333
0 0.714063 0.433333 0.037500 0.100000
5 0.406250 0.429167 0.106250 0.162500
5 0.903906 0.533333 0.214062 0.366667
27 1.092188 1.286458 0.162500 0.235417
0 0.690625 1.379167 0.265625 0.050000
0 0.777344 0.586458 0.067187 0.093750
5 0.728125 1.017708 0.225000 0.247917
0 0.860938 1.003125 0.153125 0.081250
0 0.867188 1.330208 0.187500 0.068750
27 0.902344 0.938542 0.217188 0.139583
0 0.855469 0.679167 0.073438 0.179167
0 1.046875 1.218750 0.234375 0.133333
27 1.060156 1.125000 0.226562 0.087500
0 0.932031 0.881250 0.160938 0.100000
0 0.931250 0.802083 0.162500 0.070833
0 0.730469 0.771875 0.089063 0.052083
