0 0.966406 1.184375 0.157812 0.102083
27 1.057031 1.180208 0.085938 0.185417
0 0.749219 0.921875 0.114062 0.047917
0 0.817187 1.352083 0.137500 0.054167
27 0.752344 1.129167 0.154688 0.045833
27 0.779687 1.189583 0.168750 0.045833
27 0.924219 1.246875 0.176563 0.064583
0 0.783594 1.267708 0.151562 0.068750
5 0.989062 0.938542 0.140625 0.352083
27 0.767188 1.069792 0.171875 0.056250
5 0.887500 0.091667 0.087500 0.183333
5 0.805469 0.802083 0.201563 0.433333
0 1.022656 1.022917 0.145313 0.095833
0 0.787500 1.010417 0.146875 0.083333
