27 0.786719 1.177083 0.145313 0.045833
27 0.931250 1.212500 0.203125 0.050000
27 0.839063 1.234375 0.156250 0.056250
27 0.846875 1.301042 0.178125 0.068750
5 0.747656 0.381250 0.129688 0.208333
27 1.080469 0.855208 0.098437 0.147917
27 0.857812 0.746875 0.037500 0.172917
27 1.046875 1.315625 0.043750 0.143750
5 0.682813 0.040625 0.078125 0.081250
5 1.128906 0.407292 0.170313 0.322917
27 1.099219 0.914583 0.073438 0.083333
5 1.027344 0.531250 0.164062 0.237500
27 1.050781 1.031250 0.101562 0.204167
27 0.966406 0.903125 0.051562 0.231250
