27 0.840625 0.703125 0.181250 0.056250
0 1.096094 0.938542 0.064062 0.185417
5 1.023438 0.333333 0.187500 0.283333
27 0.760938 1.261458 0.146875 0.047917
27 0.777344 1.327083 0.179688 0.054167
5 1.080469 0.060417 0.104688 0.120833
5 0.584375 1.046875 0.246875 0.214583
27 0.860938 0.758333 0.121875 0.054167
27 0.958594 1.175000 0.157812 0.137500
27 0.840625 0.837500 0.153125 0.058333
27 0.846875 0.992708 0.178125 0.068750
27 0.882812 0.938542 0.175000 0.068750
27 0.779687 1.115625 0.187500 0.052083
27 0.744531 1.182292 0.185938 0.047917
