0 1.059375 0.976042 0.050000 0.189583
0 0.835938 1.242708 0.184375 0.081250
0 0.782031 1.167708 0.167187 0.056250
0 1.048437 1.279167 0.053125 0.175000
5 0.663281 0.947917 0.142187 0.283333
5 1.075781 0.308333 0.110937 0.200000
0 1.021094 0.955208 0.045312 0.185417
5 1.096875 0.542708 0.171875 0.364583
27 0.964844 0.926042 0.060937 0.222917
0 0.842969 1.310417 0.220312 0.087500
5 0.750000 0.344792 0.112500 0.335417
0 0.682031 1.198958 0.089063 0.164583
27 0.910156 1.212500 0.245312 0.050000
0 0.855469 0.748958 0.042188 0.164583
