27 0.754687 1.377083 0.209375 0.054167
0 0.855469 1.132292 0.126562 0.093750
5 1.078906 1.315625 0.210938 0.177083
27 0.975781 0.935417 0.107813 0.233333
27 0.723437 1.290625 0.193750 0.081250
0 0.860938 0.890625 0.146875 0.064583
5 0.707812 0.868750 0.140625 0.204167
27 0.788281 1.258333 0.195312 0.087500
0 0.937500 1.019792 0.081250 0.206250
5 0.928906 0.119792 0.129688 0.239583
5 1.061719 0.627083 0.248438 0.425000
5 0.292187 0.791667 0.118750 0.241667
0 0.956250 1.289583 0.059375 0.137500
0 1.023438 1.233333 0.043750 0.154167
5 0.711719 1.127083 0.176563 0.233333
