5 0.714844 0.940625 0.254688 0.231250
0 0.755469 1.321875 0.164062 0.102083
0 0.810937 1.145833 0.193750 0.104167
0 0.884375 0.788542 0.184375 0.064583
0 0.847656 1.277083 0.164062 0.087500
0 0.874219 0.852083 0.198437 0.062500
0 0.860938 0.719792 0.171875 0.114583
0 0.844531 0.921875 0.192188 0.068750
5 0.717187 0.595833 0.187500 0.233333
0 0.849219 1.028125 0.132812 0.056250
5 0.957812 1.095833 0.209375 0.183333
0 0.844531 0.630208 0.151562 0.056250
5 0.358594 0.376042 0.167187 0.222917
0 0.688281 1.193750 0.167187 0.062500
