27 1.037500 0.692708 0.121875 0.147917
5 0.340625 0.636458 0.106250 0.214583
27 0.796094 1.348958 0.170313 0.110417
27 0.946875 0.571875 0.115625 0.156250
27 0.760938 1.262500 0.084375 0.112500
5 0.744531 0.337500 0.154688 0.337500
27 0.785937 0.855208 0.134375 0.147917
27 0.936719 1.058333 0.239063 0.112500
5 0.891406 0.585417 0.173437 0.341667
5 1.126562 0.533333 0.134375 0.400000
5 0.648438 1.169792 0.159375 0.231250
27 0.850781 1.156250 0.185938 0.104167
5 1.015625 0.110417 0.118750 0.220833
