27 0.824219 1.064583 0.198437 0.104167
27 0.835938 0.925000 0.184375 0.116667
27 0.852344 0.450000 0.095312 0.091667
5 0.877344 0.107292 0.117188 0.214583
27 0.838281 1.154167 0.210938 0.066667
5 0.669531 0.650000 0.182812 0.287500
5 0.896875 1.239583 0.206250 0.254167
5 0.681250 1.340625 0.134375 0.127083
0 1.078906 0.930208 0.092188 0.127083
0 0.960938 0.900000 0.115625 0.075000
27 0.908594 1.369792 0.117188 0.064583
27 0.739844 1.216667 0.179688 0.150000
5 0.792188 0.231250 0.165625 0.283333
0 0.770312 0.611458 0.031250 0.122917
27 1.039062 1.232292 0.093750 0.077083
0 1.071875 1.314583 0.096875 0.162500
