0 1.000000 1.248958 0.093750 0.118750
5 1.079687 1.110417 0.225000 0.262500
0 0.807813 1.201042 0.168750 0.072917
0 1.040625 1.371875 0.150000 0.047917
0 0.828906 1.263542 0.123438 0.047917
27 0.878906 1.004167 0.060937 0.237500
5 1.063281 0.179167 0.085938 0.225000
0 0.738281 1.166667 0.154688 0.045833
0 0.774219 1.109375 0.145313 0.093750
0 0.671875 1.110417 0.143750 0.050000
27 0.939844 0.770833 0.139063 0.137500
0 0.764844 0.802083 0.070312 0.062500
0 0.632812 1.031250 0.071875 0.070833
0 0.789844 0.910417 0.089063 0.058333
5 0.718750 0.901042 0.206250 0.247917
27 0.710938 0.742708 0.146875 0.089583
