5 0.367969 0.340625 0.117188 0.152083
25 0.617188 1.252083 0.034375 0.045833
25 0.659375 1.240625 0.021875 0.052083
8 1.216406 1.172917 0.170313 0.150000
25 0.638281 1.118750 0.042188 0.025000
5 0.946875 1.050000 0.300000 0.266667
25 0.646875 1.232292 0.031250 0.052083
25 0.626563 1.146875 0.018750 0.052083
25 0.613281 1.198958 0.042188 0.018750
25 0.640625 1.229167 0.031250 0.045833
5 1.111719 0.139583 0.107813 0.279167
25 0.667969 1.172917 0.026562 0.050000
25 0.653125 1.146875 0.025000 0.043750
