0 1.087500 1.055208 0.068750 0.197917
0 0.764844 1.169792 0.173437 0.052083
0 0.807031 0.813542 0.154688 0.131250
27 0.871875 1.230208 0.171875 0.060417
27 0.936719 1.185417 0.223438 0.125000
5 0.753906 0.102083 0.129688 0.204167
0 0.742188 1.231250 0.162500 0.070833
0 1.043750 1.194792 0.150000 0.118750
0 0.755469 1.302083 0.117188 0.045833
5 0.986719 0.803125 0.176563 0.239583
5 0.488281 0.081250 0.101562 0.162500
0 0.835156 1.005208 0.167187 0.056250
27 0.892188 1.318750 0.203125 0.075000
5 0.947656 0.184375 0.129688 0.368750
