0 0.782031 1.048958 0.173437 0.077083
0 0.822656 1.239583 0.117188 0.083333
27 0.772656 0.801042 0.160938 0.077083
5 1.114062 0.761458 0.162500 0.314583
0 0.805469 0.967708 0.157812 0.081250
5 0.603906 1.213542 0.142187 0.193750
5 0.792188 0.617708 0.140625 0.202083
0 0.794531 0.844792 0.145313 0.089583
0 0.928906 0.928125 0.151562 0.218750
0 0.817969 1.155208 0.132812 0.106250
0 0.800781 0.893750 0.129688 0.075000
0 0.941406 1.318750 0.060937 0.125000
27 1.054688 1.153125 0.087500 0.218750
0 0.932031 1.147917 0.095312 0.179167
