25 0.658594 1.240625 0.020313 0.052083
25 0.638281 1.119792 0.039062 0.022917
8 1.224219 1.134375 0.151562 0.139583
25 0.648438 1.230208 0.028125 0.047917
25 0.616406 1.248958 0.032813 0.043750
5 1.114844 0.138542 0.098437 0.277083
5 0.956250 1.031250 0.268750 0.266667
25 0.640625 1.228125 0.031250 0.047917
25 0.667969 1.172917 0.026562 0.050000
25 0.613281 1.200000 0.042188 0.016667
25 0.653125 1.146875 0.025000 0.043750
25 0.626563 1.146875 0.015625 0.052083
5 0.361719 0.339583 0.101562 0.137500
