5 0.914844 0.552083 0.154688 0.329167
27 0.399219 1.265625 0.051562 0.185417
27 0.452344 1.228125 0.064062 0.202083
5 0.771875 0.610417 0.150000 0.341667
27 0.476562 0.670833 0.181250 0.129167
27 0.276562 1.206250 0.071875 0.062500
5 0.739062 0.175000 0.137500 0.350000
27 0.939063 0.782292 0.193750 0.197917
0 0.604688 1.281250 0.075000 0.245833
0 0.848437 1.321875 0.078125 0.164583
5 0.331250 0.695833 0.228125 0.325000
27 0.559375 0.793750 0.134375 0.229167
5 0.906250 0.061458 0.090625 0.122917
5 0.832812 0.991667 0.212500 0.325000
