27 0.787500 1.128125 0.171875 0.235417
5 0.770312 0.205208 0.134375 0.410417
5 0.807813 1.240625 0.218750 0.327083
27 0.569531 1.217708 0.160938 0.202083
5 0.936719 0.057292 0.079687 0.114583
5 0.670312 0.585417 0.171875 0.270833
27 0.605469 0.879167 0.226562 0.091667
0 0.821094 0.784375 0.164062 0.243750
0 0.462500 1.355208 0.096875 0.097917
27 0.602344 0.747917 0.185938 0.075000
0 0.584375 0.803125 0.178125 0.064583
0 0.411719 1.216667 0.082812 0.158333
0 0.913281 1.021875 0.082812 0.256250
27 0.585156 1.317708 0.192188 0.172917
27 0.619531 1.182292 0.164062 0.235417
27 0.430469 1.295833 0.145313 0.216667
27 0.898438 1.312500 0.103125 0.183333
