27 0.583594 1.230208 0.182812 0.210417
27 0.579688 1.329167 0.159375 0.150000
27 0.893750 1.300000 0.059375 0.208333
5 0.744531 1.317708 0.164062 0.172917
27 0.703125 1.101042 0.087500 0.131250
27 0.460156 1.209375 0.217188 0.114583
27 0.617969 1.181250 0.160938 0.225000
5 0.658594 0.616667 0.189062 0.291667
27 0.782031 0.769792 0.298438 0.210417
0 0.564844 0.801042 0.126562 0.047917
27 0.825000 1.246875 0.128125 0.210417
27 0.467187 1.356250 0.112500 0.095833
5 0.875000 0.258333 0.134375 0.350000
5 0.935156 0.066667 0.089063 0.133333
27 0.408594 1.343750 0.101562 0.120833
5 0.676562 0.905208 0.165625 0.302083
27 0.510938 0.718750 0.115625 0.070833
0 0.488281 0.651042 0.170313 0.064583
27 0.655469 1.116667 0.170313 0.212500
5 0.494531 0.421875 0.129688 0.360417
