5 0.804688 0.361458 0.134375 0.256250
0 0.514062 1.304167 0.065625 0.200000
27 0.914062 0.894792 0.071875 0.193750
5 0.846875 0.187500 0.128125 0.316667
5 0.712500 0.407292 0.146875 0.360417
0 0.791406 1.370833 0.139063 0.066667
0 0.446875 1.305208 0.084375 0.193750
27 0.671875 1.158333 0.128125 0.204167
5 0.870313 1.085417 0.200000 0.208333
0 0.910937 1.226042 0.059375 0.214583
27 0.756250 0.934375 0.140625 0.139583
27 0.552344 1.051042 0.064062 0.235417
5 0.539844 0.859375 0.204687 0.389583
27 0.732031 1.147917 0.089063 0.225000
