27 0.730469 1.185417 0.148438 0.358333
0 0.700000 0.991667 0.050000 0.233333
27 0.639062 1.359375 0.059375 0.089583
0 0.816406 1.138542 0.085938 0.231250
27 0.742969 0.868750 0.089063 0.275000
0 0.301563 1.273958 0.100000 0.110417
5 0.815625 0.460417 0.156250 0.329167
5 0.792188 1.288542 0.184375 0.231250
5 0.746875 0.159375 0.081250 0.289583
27 0.482812 1.216667 0.162500 0.345833
27 0.617188 1.133333 0.071875 0.287500
5 0.791406 1.287500 0.182812 0.233333
5 0.532031 0.583333 0.204687 0.308333
5 0.156250 0.401042 0.156250 0.293750
