0 0.879687 1.182292 0.068750 0.285417
0 0.300000 1.227083 0.115625 0.083333
0 0.300000 1.301042 0.090625 0.077083
0 0.639844 0.850000 0.098437 0.166667
0 0.796875 1.355208 0.053125 0.097917
0 0.858594 1.343750 0.060937 0.120833
0 0.710156 1.200000 0.251563 0.087500
0 0.850000 0.927083 0.100000 0.275000
0 0.703906 1.116667 0.220312 0.116667
0 0.715625 0.998958 0.084375 0.206250
5 0.960938 0.082292 0.134375 0.164583
5 0.745313 0.862500 0.178125 0.391667
5 0.881250 0.290625 0.150000 0.443750
5 0.689844 0.518750 0.160938 0.308333
