27 0.708594 1.219792 0.229687 0.368750
5 0.912500 0.309375 0.187500 0.397917
5 0.900781 0.923958 0.154688 0.377083
27 0.614062 1.229167 0.253125 0.350000
27 0.725781 0.753125 0.332813 0.143750
27 0.824219 1.053125 0.229687 0.297917
27 0.532813 1.280208 0.143750 0.247917
27 0.460938 1.278125 0.134375 0.252083
27 0.634375 0.980208 0.131250 0.247917
27 0.814063 1.185417 0.284375 0.187500
5 0.922656 0.081250 0.126562 0.162500
5 0.802344 0.210417 0.164062 0.362500
5 0.440625 0.867708 0.300000 0.352083
27 0.307812 1.258333 0.103125 0.187500
