27 0.833594 1.213542 0.182812 0.110417
27 0.303125 1.228125 0.125000 0.147917
5 0.590625 0.409375 0.184375 0.381250
27 0.450000 1.235417 0.131250 0.183333
5 0.764062 0.166667 0.128125 0.333333
27 0.678906 1.046875 0.235937 0.235417
5 0.607812 1.089583 0.187500 0.341667
5 0.728906 0.771875 0.139063 0.360417
27 0.621875 1.352083 0.146875 0.104167
27 0.300781 1.313542 0.095312 0.052083
27 0.653906 1.252083 0.089063 0.295833
27 0.527344 0.994792 0.079687 0.297917
27 0.828906 0.931250 0.279687 0.154167
