5 0.729688 0.142708 0.134375 0.285417
0 0.597656 1.260417 0.132812 0.245833
8 0.289062 0.861458 0.128125 0.047917
0 0.589844 1.014583 0.107813 0.250000
5 0.649219 0.571875 0.220312 0.389583
0 0.450000 1.341667 0.109375 0.125000
0 0.564063 1.379167 0.103125 0.050000
1 0.712500 1.276042 0.087500 0.256250
5 0.781250 0.770833 0.165625 0.375000
5 0.565625 0.809375 0.193750 0.352083
5 0.868750 0.553125 0.200000 0.235417
0 0.867969 0.936458 0.135937 0.268750
0 0.482031 1.268750 0.132812 0.187500
0 0.525000 1.252083 0.115625 0.187500
