0 0.963281 0.315625 0.073438 0.039583
5 1.432813 1.366667 0.221875 0.075000
0 0.925000 0.323958 0.043750 0.085417
0 0.921094 0.565625 0.154688 0.135417
0 0.906250 0.536458 0.109375 0.068750
0 0.968750 0.421875 0.078125 0.106250
0 0.957031 0.482292 0.076563 0.043750
0 0.983594 0.346875 0.079687 0.047917
5 1.577344 1.039583 0.295312 0.266667
0 1.094531 0.173958 0.032813 0.039583
5 1.425000 0.535417 0.200000 0.358333
0 0.905469 0.420833 0.045312 0.116667
0 1.015625 0.213542 0.062500 0.039583
0 1.540625 0.671875 0.184375 0.131250
0 0.957031 0.589583 0.092188 0.133333
0 0.961719 0.298958 0.073438 0.052083
