5 1.426562 0.523958 0.162500 0.410417
0 0.927344 0.321875 0.057813 0.093750
0 0.981250 0.386458 0.059375 0.060417
0 1.017187 0.209375 0.062500 0.043750
0 0.902344 0.415625 0.042188 0.118750
0 0.908594 0.503125 0.042188 0.143750
0 0.969531 0.419792 0.079687 0.122917
0 1.097656 0.173958 0.029687 0.039583
0 0.938281 0.417708 0.082812 0.131250
5 1.536719 1.319792 0.392188 0.168750
0 0.962500 0.497917 0.081250 0.112500
0 0.969531 0.298958 0.067187 0.056250
0 1.253906 0.686458 0.135937 0.139583
5 1.463281 0.960417 0.257812 0.275000
0 0.964844 0.314583 0.092188 0.041667
