0 0.980469 0.493750 0.064062 0.162500
0 0.921875 0.342708 0.028125 0.089583
0 1.024219 0.245833 0.023438 0.050000
0 1.355469 0.689583 0.101562 0.083333
5 1.535937 1.021875 0.221875 0.264583
0 0.985156 0.250000 0.035937 0.045833
0 0.958594 0.247917 0.048438 0.075000
5 1.561719 1.321875 0.329688 0.164583
5 1.414844 0.559375 0.154688 0.314583
0 0.970313 0.171875 0.025000 0.060417
0 0.955469 0.370833 0.085938 0.116667
0 1.008594 0.272917 0.057813 0.041667
0 0.990625 0.385417 0.040625 0.120833
0 0.939844 0.166667 0.035937 0.050000
0 0.975000 0.296875 0.112500 0.035417
0 1.017187 0.354167 0.025000 0.091667
