0 0.896094 1.183333 0.407813 0.162500
11 0.203906 0.158333 0.117188 0.183333
5 1.580469 1.172917 0.526563 0.662500
11 0.471094 0.426042 0.073438 0.214583
11 0.057813 1.050000 0.115625 0.091667
11 0.350781 0.379167 0.070312 0.220833
5 1.649219 0.072917 0.257812 0.145833
11 0.285938 0.447917 0.121875 0.291667
11 0.250000 0.389583 0.090625 0.283333
11 0.419531 0.375000 0.085938 0.320833
5 1.848437 0.676042 0.300000 0.531250
0 0.099219 0.780208 0.198437 0.347917
5 1.134375 0.440625 0.440625 0.764583
