5 1.634375 0.546875 0.340625 0.781250
5 0.055469 1.243750 0.110937 0.204167
11 0.147656 1.226042 0.114062 0.243750
5 1.335938 0.752083 0.500000 0.837500
5 1.642969 0.066667 0.292187 0.133333
11 0.213281 0.163542 0.076563 0.193750
0 0.134375 0.875000 0.268750 0.279167
0 1.623438 1.373958 0.168750 0.256250
11 0.199219 0.958333 0.323437 0.450000
11 0.278125 0.460417 0.125000 0.316667
11 0.414844 0.371875 0.092188 0.322917
11 0.357812 0.329167 0.090625 0.316667
0 0.088281 0.769792 0.176563 0.331250
11 0.478906 0.432292 0.057813 0.214583
11 0.255469 0.383333 0.104688 0.300000
