11 0.118750 0.323958 0.068750 0.239583
11 0.150000 0.369792 0.118750 0.272917
11 0.228125 0.254167 0.087500 0.237500
5 0.291406 0.560417 0.157812 0.354167
11 0.255469 0.493750 0.173437 0.312500
5 1.546094 0.686458 0.420312 0.668750
11 0.263281 0.119792 0.095312 0.202083
11 0.347656 0.082292 0.054688 0.164583
0 0.996875 1.158333 0.340625 0.175000
5 1.095312 0.354167 0.234375 0.708333
0 0.140625 0.834375 0.096875 0.347917
5 0.924219 0.841667 0.604688 0.854167
5 1.571094 0.063542 0.114062 0.127083
