11 0.229687 0.103125 0.093750 0.164583
11 0.275781 0.457292 0.129688 0.327083
11 0.422656 0.381250 0.073438 0.312500
5 1.679688 0.087500 0.237500 0.175000
11 0.322656 0.379167 0.151562 0.379167
0 0.055469 0.908333 0.104688 0.320833
5 1.639844 1.306250 0.529687 0.383333
5 0.089063 1.300000 0.178125 0.229167
0 0.240625 0.896875 0.121875 0.339583
5 0.632031 0.400000 0.339062 0.800000
11 0.244531 0.390625 0.085938 0.277083
11 0.477344 0.429167 0.064062 0.208333
11 0.233594 0.116667 0.117188 0.125000
