11 0.246094 0.102083 0.126562 0.166667
0 1.375000 1.420833 0.150000 0.162500
5 1.602344 0.064583 0.148438 0.129167
5 1.490625 1.101042 0.456250 0.660417
11 0.282031 0.560417 0.139063 0.354167
11 0.109375 0.335417 0.071875 0.220833
0 0.695312 0.957292 0.381250 0.247917
5 1.197656 0.563542 0.404687 0.935417
11 0.169531 0.356250 0.167187 0.312500
5 1.530469 0.470833 0.329688 0.729167
0 0.135156 0.843750 0.095312 0.366667
11 0.246875 0.496875 0.150000 0.293750
11 0.338281 0.091667 0.070312 0.179167
